SWD		SHLD		FIR		FSW		FSH		ICE		ISW		ISH		WND		WSW		WSH		ETH		ESW		ESH		ATK		DEF		MRP		Sword/Shield
4.040000	3.960000	2.016000	1.084000	0.932000	2.024000	1.010000	1.014000	1.914000	0.944000	0.970000	2.046000	1.002000	1.044000	1.574000	1.636000	1.790000	1.020202
3.674000	3.900000	1.882000	0.932000	0.950000	1.958000	0.982000	0.976000	1.860000	0.882000	0.978000	1.874000	0.878000	0.996000	1.712000	1.668000	1.620000	0.942051
3.672000	3.766000	1.938000	0.984000	0.954000	1.888000	0.936000	0.952000	1.818000	0.906000	0.912000	1.794000	0.846000	0.948000	1.726000	1.714000	1.560000	0.975040
3.642000	3.724000	1.936000	0.976000	0.960000	1.858000	0.938000	0.920000	1.790000	0.870000	0.920000	1.782000	0.858000	0.924000	1.790000	1.784000	1.426000	0.977981
3.530000	3.790000	1.892000	0.910000	0.982000	1.730000	0.828000	0.902000	1.788000	0.862000	0.926000	1.910000	0.930000	0.980000	1.850000	1.794000	1.356000	0.931398
3.600000	3.750000	1.872000	0.902000	0.970000	1.766000	0.840000	0.926000	1.846000	0.948000	0.898000	1.866000	0.910000	0.956000	1.870000	1.758000	1.372000	0.960000
3.588000	3.774000	1.880000	0.920000	0.960000	1.814000	0.880000	0.934000	1.784000	0.888000	0.896000	1.884000	0.900000	0.984000	1.854000	1.780000	1.366000	0.950715
3.550000	3.796000	1.818000	0.874000	0.944000	1.804000	0.884000	0.920000	1.796000	0.880000	0.916000	1.928000	0.912000	1.016000	1.876000	1.790000	1.334000	0.935195
3.682000	3.760000	1.830000	0.910000	0.920000	1.800000	0.862000	0.938000	1.868000	0.922000	0.946000	1.944000	0.988000	0.956000	1.848000	1.828000	1.324000	0.979255
3.742000	3.708000	1.826000	0.918000	0.908000	1.954000	0.978000	0.976000	1.870000	0.922000	0.948000	1.800000	0.924000	0.876000	1.836000	1.846000	1.318000	1.009169
3.734000	3.640000	1.846000	0.962000	0.884000	1.788000	0.882000	0.906000	1.878000	0.906000	0.972000	1.862000	0.984000	0.878000	1.840000	1.818000	1.342000	1.025824
3.716000	3.682000	1.844000	0.886000	0.958000	1.872000	0.920000	0.952000	1.828000	0.928000	0.900000	1.854000	0.982000	0.872000	1.798000	1.828000	1.374000	1.009234
3.646000	3.778000	1.890000	0.888000	1.002000	1.886000	0.944000	0.942000	1.812000	0.898000	0.914000	1.836000	0.916000	0.920000	1.858000	1.840000	1.302000	0.965061
3.690000	3.706000	1.800000	0.896000	0.904000	1.834000	0.922000	0.912000	1.886000	0.932000	0.954000	1.876000	0.940000	0.936000	1.854000	1.832000	1.314000	0.995683
3.642000	3.822000	1.876000	0.918000	0.958000	1.868000	0.942000	0.926000	1.836000	0.860000	0.976000	1.884000	0.922000	0.962000	1.770000	1.860000	1.370000	0.952904
3.600000	3.806000	1.850000	0.876000	0.974000	1.812000	0.900000	0.912000	1.880000	0.908000	0.972000	1.864000	0.916000	0.948000	1.800000	1.898000	1.302000	0.945875
3.624000	3.810000	1.874000	0.878000	0.996000	1.802000	0.898000	0.904000	1.852000	0.946000	0.906000	1.906000	0.902000	1.004000	1.844000	1.818000	1.338000	0.951181
3.618000	3.858000	1.916000	0.896000	1.020000	1.764000	0.864000	0.900000	1.902000	0.972000	0.930000	1.894000	0.886000	1.008000	1.848000	1.882000	1.270000	0.937792
3.654000	3.870000	1.906000	0.892000	1.014000	1.854000	0.920000	0.934000	1.882000	0.970000	0.912000	1.882000	0.872000	1.010000	1.874000	1.810000	1.316000	0.944186
3.646000	3.816000	1.848000	0.888000	0.960000	1.794000	0.898000	0.896000	1.966000	1.018000	0.948000	1.854000	0.842000	1.012000	1.922000	1.796000	1.282000	0.955451
3.618000	3.860000	1.850000	0.918000	0.932000	1.854000	0.908000	0.946000	1.924000	0.948000	0.976000	1.850000	0.844000	1.006000	1.912000	1.752000	1.336000	0.937306
3.588000	3.876000	1.894000	0.974000	0.920000	1.836000	0.820000	1.016000	1.912000	0.966000	0.946000	1.822000	0.828000	0.994000	1.868000	1.762000	1.370000	0.925697
3.650000	3.896000	1.814000	0.914000	0.900000	1.928000	0.924000	1.004000	1.880000	0.930000	0.950000	1.924000	0.882000	1.042000	1.860000	1.756000	1.384000	0.936858
3.714000	3.912000	1.836000	0.918000	0.918000	1.908000	0.926000	0.982000	1.982000	0.964000	1.018000	1.900000	0.906000	0.994000	1.856000	1.806000	1.338000	0.949387
3.728000	3.826000	1.896000	0.928000	0.968000	1.882000	0.964000	0.918000	1.910000	0.958000	0.952000	1.866000	0.878000	0.988000	1.890000	1.748000	1.362000	0.974386
3.696000	3.796000	1.860000	0.922000	0.938000	1.900000	0.960000	0.940000	1.926000	0.940000	0.986000	1.806000	0.874000	0.932000	1.906000	1.760000	1.334000	0.973656
3.738000	3.808000	1.926000	0.988000	0.938000	1.936000	0.944000	0.992000	1.766000	0.878000	0.888000	1.918000	0.928000	0.990000	1.868000	1.740000	1.392000	0.981618
3.640000	3.892000	1.904000	0.920000	0.984000	1.916000	0.928000	0.988000	1.912000	0.930000	0.982000	1.800000	0.862000	0.938000	1.916000	1.760000	1.324000	0.935252
3.694000	3.858000	1.764000	0.880000	0.884000	2.014000	0.976000	1.038000	1.916000	0.912000	1.004000	1.858000	0.926000	0.932000	1.864000	1.814000	1.322000	0.957491
3.684000	3.898000	1.770000	0.874000	0.896000	1.910000	0.928000	0.982000	1.908000	0.890000	1.018000	1.994000	0.992000	1.002000	1.828000	1.840000	1.332000	0.945100
3.706000	3.904000	1.824000	0.882000	0.942000	1.840000	0.878000	0.962000	1.968000	0.946000	1.022000	1.978000	1.000000	0.978000	1.818000	1.838000	1.344000	0.949283
3.802000	3.862000	1.834000	0.936000	0.898000	1.824000	0.894000	0.930000	2.006000	0.988000	1.018000	2.000000	0.984000	1.016000	1.822000	1.886000	1.292000	0.984464
3.766000	3.856000	1.904000	0.972000	0.932000	1.858000	0.956000	0.902000	1.888000	0.916000	0.972000	1.972000	0.922000	1.050000	1.880000	1.834000	1.286000	0.976660
3.824000	3.818000	1.856000	0.962000	0.894000	1.948000	1.034000	0.914000	1.892000	0.932000	0.960000	1.946000	0.896000	1.050000	1.804000	1.906000	1.290000	1.001572
3.796000	3.844000	1.874000	0.976000	0.898000	1.810000	0.914000	0.896000	2.000000	0.972000	1.028000	1.956000	0.934000	1.022000	1.836000	1.848000	1.316000	0.987513
3.784000	3.788000	1.858000	0.936000	0.922000	1.888000	0.920000	0.968000	1.860000	0.934000	0.926000	1.966000	0.994000	0.972000	1.858000	1.836000	1.306000	0.998944
3.700000	3.888000	1.848000	0.894000	0.954000	1.876000	0.872000	1.004000	1.886000	0.956000	0.930000	1.978000	0.978000	1.000000	1.882000	1.844000	1.274000	0.951646
3.656000	3.924000	1.882000	0.886000	0.996000	1.910000	0.912000	0.998000	1.834000	0.920000	0.914000	1.954000	0.938000	1.016000	1.856000	1.812000	1.332000	0.931702
3.642000	3.966000	1.868000	0.834000	1.034000	1.900000	0.918000	0.982000	1.844000	0.964000	0.880000	1.996000	0.926000	1.070000	1.886000	1.810000	1.304000	0.918306
3.698000	3.952000	1.938000	0.870000	1.068000	1.880000	0.890000	0.990000	1.840000	0.950000	0.890000	1.992000	0.988000	1.004000	1.892000	1.784000	1.324000	0.935729
3.744000	3.888000	1.932000	0.938000	0.994000	1.964000	0.930000	1.034000	1.864000	0.944000	0.920000	1.872000	0.932000	0.940000	1.872000	1.772000	1.356000	0.962963
3.752000	3.858000	1.894000	0.900000	0.994000	1.920000	0.950000	0.970000	1.908000	0.960000	0.948000	1.888000	0.942000	0.946000	1.844000	1.858000	1.298000	0.972525
3.802000	3.828000	1.808000	0.836000	0.972000	1.896000	0.992000	0.904000	1.982000	1.024000	0.958000	1.944000	0.950000	0.994000	1.864000	1.800000	1.336000	0.993208
3.678000	3.940000	1.868000	0.834000	1.034000	1.930000	0.980000	0.950000	1.948000	0.996000	0.952000	1.872000	0.868000	1.004000	1.810000	1.892000	1.298000	0.933503
3.594000	4.050000	1.922000	0.848000	1.074000	1.854000	0.898000	0.956000	2.018000	0.980000	1.038000	1.850000	0.868000	0.982000	1.796000	1.916000	1.288000	0.887407
3.632000	3.990000	1.888000	0.842000	1.046000	1.838000	0.918000	0.920000	2.006000	0.970000	1.036000	1.890000	0.902000	0.988000	1.866000	1.874000	1.260000	0.910276
3.738000	3.864000	1.902000	0.884000	1.018000	1.856000	0.942000	0.914000	1.952000	1.016000	0.936000	1.892000	0.896000	0.996000	1.870000	1.860000	1.270000	0.967391
3.778000	3.834000	1.904000	0.940000	0.964000	1.862000	0.964000	0.898000	1.954000	0.974000	0.980000	1.892000	0.900000	0.992000	1.886000	1.874000	1.240000	0.985394
3.780000	3.882000	1.862000	0.934000	0.928000	1.898000	0.928000	0.970000	1.932000	0.952000	0.980000	1.970000	0.966000	1.004000	1.890000	1.862000	1.248000	0.973725
3.678000	3.968000	1.822000	0.878000	0.944000	1.934000	0.954000	0.980000	1.912000	0.924000	0.988000	1.978000	0.922000	1.056000	1.882000	1.822000	1.296000	0.926915
3.674000	3.988000	1.888000	0.872000	1.016000	1.908000	0.944000	0.964000	1.938000	0.958000	0.980000	1.928000	0.900000	1.028000	1.836000	1.850000	1.314000	0.921264
3.778000	3.856000	1.916000	0.926000	0.990000	1.910000	0.992000	0.918000	1.912000	0.960000	0.952000	1.896000	0.900000	0.996000	1.936000	1.802000	1.262000	0.979772
3.738000	3.942000	1.966000	0.926000	1.040000	1.840000	0.926000	0.914000	1.926000	0.962000	0.964000	1.948000	0.924000	1.024000	1.876000	1.822000	1.302000	0.948250
3.730000	3.904000	1.982000	0.904000	1.078000	1.784000	0.926000	0.858000	1.860000	0.912000	0.948000	2.008000	0.988000	1.020000	1.902000	1.802000	1.296000	0.955430
3.680000	3.944000	1.966000	0.946000	1.020000	1.820000	0.912000	0.908000	1.916000	0.898000	1.018000	1.922000	0.924000	0.998000	1.926000	1.748000	1.326000	0.933063
3.726000	3.902000	1.934000	0.962000	0.972000	1.862000	0.946000	0.916000	1.986000	0.950000	1.036000	1.846000	0.868000	0.978000	1.864000	1.744000	1.392000	0.954895
3.612000	3.992000	1.890000	0.910000	0.980000	1.868000	0.916000	0.952000	1.996000	0.932000	1.064000	1.850000	0.854000	0.996000	1.900000	1.754000	1.346000	0.904810
3.714000	3.940000	1.894000	0.898000	0.996000	1.918000	0.914000	1.004000	1.966000	0.984000	0.982000	1.876000	0.918000	0.958000	1.908000	1.762000	1.330000	0.942640
3.762000	3.882000	1.972000	0.962000	1.010000	1.808000	0.876000	0.932000	1.930000	0.944000	0.986000	1.934000	0.980000	0.954000	1.846000	1.750000	1.404000	0.969088
3.792000	3.862000	1.984000	0.982000	1.002000	1.904000	0.922000	0.982000	1.930000	0.958000	0.972000	1.836000	0.930000	0.906000	1.826000	1.768000	1.406000	0.981875
3.794000	3.864000	1.974000	0.914000	1.060000	1.896000	0.956000	0.940000	1.968000	0.990000	0.978000	1.820000	0.934000	0.886000	1.834000	1.766000	1.400000	0.981884
3.872000	3.774000	1.994000	0.952000	1.042000	1.936000	0.996000	0.940000	1.858000	0.958000	0.900000	1.858000	0.966000	0.892000	1.850000	1.822000	1.328000	1.025967
3.742000	3.884000	1.974000	0.896000	1.078000	1.860000	0.908000	0.952000	1.862000	0.952000	0.910000	1.930000	0.986000	0.944000	1.862000	1.826000	1.312000	0.963440
3.776000	3.864000	1.908000	0.918000	0.990000	1.834000	0.872000	0.962000	1.952000	0.970000	0.982000	1.946000	1.016000	0.930000	1.918000	1.764000	1.318000	0.977226
3.794000	3.866000	1.954000	0.912000	1.042000	1.852000	0.938000	0.914000	1.940000	0.978000	0.962000	1.914000	0.966000	0.948000	1.900000	1.740000	1.360000	0.981376
3.770000	3.892000	1.956000	0.922000	1.034000	1.974000	1.018000	0.956000	1.788000	0.862000	0.926000	1.944000	0.968000	0.976000	1.874000	1.746000	1.380000	0.968654
3.856000	3.852000	2.020000	0.966000	1.054000	1.972000	1.002000	0.970000	1.832000	0.936000	0.896000	1.884000	0.952000	0.932000	1.880000	1.720000	1.400000	1.001038
3.796000	3.936000	1.958000	0.948000	1.010000	1.886000	0.932000	0.954000	1.958000	0.982000	0.976000	1.930000	0.934000	0.996000	1.908000	1.758000	1.334000	0.964431
3.792000	3.886000	1.910000	0.932000	0.978000	1.862000	0.954000	0.908000	1.974000	0.976000	0.998000	1.932000	0.930000	1.002000	1.908000	1.780000	1.312000	0.975811
3.686000	3.976000	1.910000	0.878000	1.032000	1.884000	0.942000	0.942000	1.898000	0.934000	0.964000	1.970000	0.932000	1.038000	1.922000	1.722000	1.356000	0.927062
3.770000	3.900000	1.906000	0.910000	0.996000	1.882000	0.932000	0.950000	1.890000	0.938000	0.952000	1.992000	0.990000	1.002000	1.906000	1.712000	1.382000	0.966667
3.768000	3.952000	1.870000	0.890000	0.980000	1.912000	0.898000	1.014000	1.938000	0.994000	0.944000	2.000000	0.986000	1.014000	1.912000	1.680000	1.408000	0.953441
3.840000	3.904000	1.910000	0.908000	1.002000	1.854000	0.908000	0.946000	1.922000	1.000000	0.922000	2.058000	1.024000	1.034000	1.912000	1.708000	1.380000	0.983607
3.754000	3.982000	1.884000	0.886000	0.998000	1.914000	0.914000	1.000000	1.924000	0.984000	0.940000	2.014000	0.970000	1.044000	1.880000	1.682000	1.438000	0.942742
3.846000	3.892000	2.034000	0.954000	1.080000	1.868000	0.952000	0.916000	1.884000	0.940000	0.944000	1.952000	1.000000	0.952000	1.854000	1.774000	1.372000	0.988181
3.750000	3.974000	2.018000	0.916000	1.102000	1.878000	0.920000	0.958000	1.916000	0.948000	0.968000	1.912000	0.966000	0.946000	1.890000	1.762000	1.348000	0.943634
3.656000	4.036000	1.952000	0.884000	1.068000	1.840000	0.912000	0.928000	2.034000	0.944000	1.090000	1.866000	0.916000	0.950000	1.916000	1.746000	1.338000	0.905847
3.798000	3.878000	1.892000	0.886000	1.006000	1.894000	0.922000	0.972000	1.966000	1.024000	0.942000	1.924000	0.966000	0.958000	1.966000	1.748000	1.286000	0.979371
3.760000	3.960000	1.946000	0.892000	1.054000	1.934000	0.974000	0.960000	1.930000	0.966000	0.964000	1.910000	0.928000	0.982000	1.918000	1.762000	1.320000	0.949495
3.878000	3.832000	1.986000	0.964000	1.022000	1.884000	0.946000	0.938000	1.912000	0.996000	0.916000	1.928000	0.972000	0.956000	1.942000	1.758000	1.300000	1.012004
3.868000	3.810000	1.922000	0.928000	0.994000	1.934000	0.988000	0.946000	1.876000	0.952000	0.924000	1.946000	1.000000	0.946000	1.964000	1.728000	1.308000	1.015223
3.868000	3.808000	1.908000	0.932000	0.976000	1.878000	0.952000	0.926000	1.884000	0.966000	0.918000	2.006000	1.018000	0.988000	1.958000	1.736000	1.306000	1.015756
3.830000	3.844000	1.988000	0.934000	1.054000	1.786000	0.904000	0.882000	1.954000	0.986000	0.968000	1.946000	1.006000	0.940000	1.958000	1.758000	1.284000	0.996358
3.746000	3.912000	1.930000	0.906000	1.024000	1.840000	0.908000	0.932000	1.902000	0.918000	0.984000	1.986000	1.014000	0.972000	1.880000	1.806000	1.314000	0.957566
3.846000	3.852000	1.934000	0.938000	0.996000	1.880000	0.982000	0.898000	1.936000	0.972000	0.964000	1.948000	0.954000	0.994000	1.916000	1.798000	1.286000	0.998442
3.846000	3.866000	1.960000	0.990000	0.970000	1.936000	0.960000	0.976000	1.920000	0.992000	0.928000	1.896000	0.904000	0.992000	1.916000	1.802000	1.282000	0.994827
3.814000	3.874000	1.896000	0.906000	0.990000	1.900000	0.936000	0.964000	1.960000	1.022000	0.938000	1.932000	0.950000	0.982000	1.950000	1.794000	1.256000	0.984512
3.720000	3.940000	1.974000	0.970000	1.004000	1.792000	0.782000	1.010000	1.894000	0.972000	0.922000	2.000000	0.996000	1.004000	1.902000	1.814000	1.284000	0.944162
3.756000	3.890000	1.862000	0.880000	0.982000	1.836000	0.856000	0.980000	1.932000	1.018000	0.914000	2.016000	1.002000	1.014000	1.858000	1.812000	1.330000	0.965553
3.794000	3.910000	1.922000	0.916000	1.006000	1.936000	0.938000	0.998000	1.908000	0.976000	0.932000	1.938000	0.964000	0.974000	1.832000	1.898000	1.270000	0.970332
3.786000	3.936000	1.890000	0.846000	1.044000	1.876000	0.918000	0.958000	1.994000	1.036000	0.958000	1.962000	0.986000	0.976000	1.844000	1.790000	1.366000	0.961890
3.802000	3.904000	1.894000	0.884000	1.010000	1.874000	0.950000	0.924000	1.934000	0.964000	0.970000	2.004000	1.004000	1.000000	1.862000	1.836000	1.302000	0.973873
3.730000	3.916000	1.938000	0.888000	1.050000	1.866000	0.926000	0.940000	1.926000	0.976000	0.950000	1.916000	0.940000	0.976000	1.848000	1.788000	1.364000	0.952503
3.868000	3.814000	1.952000	0.922000	1.030000	1.944000	1.006000	0.938000	1.844000	0.936000	0.908000	1.942000	1.004000	0.938000	1.882000	1.778000	1.340000	1.014158
3.792000	3.870000	1.916000	0.894000	1.022000	1.894000	0.964000	0.930000	2.006000	1.024000	0.982000	1.846000	0.910000	0.936000	1.902000	1.798000	1.300000	0.979845
3.754000	3.950000	1.970000	0.938000	1.032000	1.910000	0.956000	0.954000	1.976000	0.960000	1.016000	1.848000	0.900000	0.948000	1.914000	1.786000	1.300000	0.950380
3.726000	3.972000	1.992000	0.962000	1.030000	1.910000	0.920000	0.990000	1.986000	0.978000	1.008000	1.810000	0.866000	0.944000	1.874000	1.842000	1.284000	0.938066
3.662000	3.996000	1.958000	0.948000	1.010000	1.886000	0.898000	0.988000	1.958000	0.928000	1.030000	1.856000	0.888000	0.968000	1.850000	1.798000	1.352000	0.916416
3.730000	3.914000	1.900000	0.924000	0.976000	1.894000	0.900000	0.994000	1.890000	0.938000	0.952000	1.960000	0.968000	0.992000	1.868000	1.782000	1.350000	0.952989
3.858000	3.826000	1.924000	0.958000	0.966000	1.956000	0.988000	0.968000	1.886000	0.936000	0.950000	1.918000	0.976000	0.942000	1.884000	1.766000	1.350000	1.008364
