SWD		SHLD		FIR		FSW		FSH		ICE		ISW		ISH		WND		WSW		WSH		ETH		ESW		ESH		ATK		DEF		MRP		Sword/Shield
3.964000	4.036000	2.072000	1.036000	1.036000	2.172000	1.048000	1.124000	1.872000	0.948000	0.924000	1.884000	0.932000	0.952000	1.744000	1.620000	1.636000	0.982161
2.376000	2.424000	1.224000	0.612000	0.612000	1.184000	0.560000	0.624000	1.212000	0.608000	0.604000	1.180000	0.596000	0.584000	1.784000	1.792000	1.424000	0.980198
2.356000	2.288000	1.272000	0.692000	0.580000	1.104000	0.552000	0.552000	1.100000	0.548000	0.552000	1.168000	0.564000	0.604000	1.912000	1.704000	1.384000	1.029720
2.520000	2.248000	1.228000	0.660000	0.568000	1.240000	0.660000	0.580000	1.104000	0.568000	0.536000	1.196000	0.632000	0.564000	1.968000	1.740000	1.292000	1.120996
2.556000	2.580000	1.208000	0.632000	0.576000	1.320000	0.708000	0.612000	1.340000	0.648000	0.692000	1.268000	0.568000	0.700000	1.952000	1.796000	1.252000	0.990698
2.580000	2.776000	1.176000	0.568000	0.608000	1.464000	0.740000	0.724000	1.240000	0.632000	0.608000	1.476000	0.640000	0.836000	1.936000	1.832000	1.232000	0.929395
2.828000	2.780000	1.332000	0.696000	0.636000	1.456000	0.660000	0.796000	1.344000	0.728000	0.616000	1.476000	0.744000	0.732000	1.808000	1.848000	1.344000	1.017266
2.940000	2.960000	1.524000	0.736000	0.788000	1.452000	0.760000	0.692000	1.496000	0.720000	0.776000	1.428000	0.724000	0.704000	1.864000	1.808000	1.328000	0.993243
3.040000	3.088000	1.620000	0.816000	0.804000	1.612000	0.848000	0.764000	1.476000	0.668000	0.808000	1.420000	0.708000	0.712000	1.884000	1.764000	1.352000	0.984456
3.128000	3.132000	1.676000	0.824000	0.852000	1.516000	0.764000	0.752000	1.584000	0.848000	0.736000	1.484000	0.692000	0.792000	1.940000	1.748000	1.312000	0.998723
3.220000	3.264000	1.648000	0.796000	0.852000	1.628000	0.824000	0.804000	1.632000	0.796000	0.836000	1.576000	0.804000	0.772000	1.904000	1.892000	1.204000	0.986520
3.220000	3.272000	1.696000	0.836000	0.860000	1.568000	0.788000	0.780000	1.620000	0.792000	0.828000	1.608000	0.804000	0.804000	1.908000	1.852000	1.240000	0.984108
3.216000	3.508000	1.648000	0.796000	0.852000	1.708000	0.728000	0.980000	1.624000	0.848000	0.776000	1.744000	0.844000	0.900000	1.784000	1.832000	1.384000	0.916762
3.288000	3.408000	1.704000	0.916000	0.788000	1.556000	0.692000	0.864000	1.720000	0.840000	0.880000	1.716000	0.840000	0.876000	1.932000	1.796000	1.272000	0.964789
3.316000	3.532000	1.760000	0.864000	0.896000	1.668000	0.796000	0.872000	1.680000	0.856000	0.824000	1.740000	0.800000	0.940000	1.916000	1.844000	1.240000	0.938845
3.436000	3.492000	1.736000	0.832000	0.904000	1.732000	0.924000	0.808000	1.772000	0.920000	0.852000	1.688000	0.760000	0.928000	1.896000	1.800000	1.304000	0.983963
3.332000	3.660000	1.688000	0.820000	0.868000	1.808000	0.880000	0.928000	1.796000	0.836000	0.960000	1.700000	0.796000	0.904000	1.984000	1.696000	1.320000	0.910383
3.464000	3.664000	1.688000	0.808000	0.880000	1.808000	0.848000	0.960000	1.776000	0.820000	0.956000	1.856000	0.988000	0.868000	1.964000	1.636000	1.400000	0.945415
3.652000	3.480000	1.712000	0.868000	0.844000	1.788000	0.888000	0.900000	1.868000	0.964000	0.904000	1.764000	0.932000	0.832000	1.880000	1.732000	1.388000	1.049425
3.552000	3.584000	1.720000	0.896000	0.824000	1.764000	0.876000	0.888000	1.860000	0.904000	0.956000	1.792000	0.876000	0.916000	1.808000	1.820000	1.372000	0.991071
3.548000	3.640000	1.948000	0.992000	0.956000	1.640000	0.824000	0.816000	1.872000	0.912000	0.960000	1.728000	0.820000	0.908000	1.808000	1.868000	1.324000	0.974725
3.544000	3.624000	1.748000	0.876000	0.872000	1.744000	0.864000	0.880000	1.756000	0.852000	0.904000	1.920000	0.952000	0.968000	1.820000	1.852000	1.328000	0.977925
3.560000	3.672000	1.832000	0.892000	0.940000	1.792000	0.852000	0.940000	1.824000	0.920000	0.904000	1.784000	0.896000	0.888000	1.820000	1.828000	1.352000	0.969499
3.728000	3.664000	1.952000	1.008000	0.944000	1.864000	0.884000	0.980000	1.792000	0.940000	0.852000	1.784000	0.896000	0.888000	1.824000	1.784000	1.392000	1.017467
3.632000	3.780000	1.908000	0.952000	0.956000	1.832000	0.860000	0.972000	1.896000	0.888000	1.008000	1.776000	0.932000	0.844000	1.768000	1.844000	1.388000	0.960847
3.596000	3.772000	1.940000	0.920000	1.020000	1.868000	0.936000	0.932000	1.820000	0.888000	0.932000	1.740000	0.852000	0.888000	1.880000	1.696000	1.424000	0.953340
3.660000	3.676000	1.804000	0.928000	0.876000	1.916000	0.964000	0.952000	1.804000	0.844000	0.960000	1.812000	0.924000	0.888000	1.872000	1.800000	1.328000	0.995647
3.800000	3.664000	1.820000	0.924000	0.896000	1.856000	0.936000	0.920000	1.940000	0.968000	0.972000	1.848000	0.972000	0.876000	1.856000	1.788000	1.356000	1.037118
3.636000	3.812000	1.908000	0.944000	0.964000	1.880000	0.892000	0.988000	1.896000	0.924000	0.972000	1.764000	0.876000	0.888000	1.764000	1.876000	1.360000	0.953830
3.728000	3.732000	1.948000	0.988000	0.960000	1.828000	0.884000	0.944000	1.900000	0.920000	0.980000	1.784000	0.936000	0.848000	1.868000	1.792000	1.340000	0.998928
3.712000	3.820000	1.784000	0.864000	0.920000	1.972000	0.936000	1.036000	1.852000	0.964000	0.888000	1.924000	0.948000	0.976000	1.832000	1.808000	1.360000	0.971728
3.744000	3.792000	1.876000	0.944000	0.932000	1.976000	0.944000	1.032000	1.724000	0.884000	0.840000	1.960000	0.972000	0.988000	1.828000	1.816000	1.356000	0.987342
4.000000	3.620000	1.952000	0.968000	0.984000	1.820000	0.944000	0.876000	1.804000	0.988000	0.816000	2.044000	1.100000	0.944000	1.852000	1.688000	1.460000	1.104972
3.848000	3.712000	1.924000	0.984000	0.940000	1.784000	0.844000	0.940000	1.780000	0.920000	0.860000	2.072000	1.100000	0.972000	1.876000	1.732000	1.392000	1.036638
3.736000	3.836000	1.904000	0.928000	0.976000	1.968000	0.920000	1.048000	1.820000	0.924000	0.896000	1.880000	0.964000	0.916000	2.000000	1.696000	1.304000	0.973931
3.660000	3.932000	1.872000	0.912000	0.960000	1.832000	0.844000	0.988000	1.892000	0.912000	0.980000	1.996000	0.992000	1.004000	2.080000	1.652000	1.268000	0.930824
3.764000	3.844000	2.016000	0.984000	1.032000	1.764000	0.836000	0.928000	1.880000	0.928000	0.952000	1.948000	1.016000	0.932000	1.912000	1.740000	1.348000	0.979188
3.872000	3.724000	1.928000	1.032000	0.896000	1.876000	0.892000	0.984000	1.916000	0.932000	0.984000	1.876000	1.016000	0.860000	1.864000	1.804000	1.332000	1.039742
3.860000	3.724000	1.828000	0.912000	0.916000	1.936000	0.964000	0.972000	1.784000	0.900000	0.884000	2.036000	1.084000	0.952000	1.776000	1.880000	1.344000	1.036520
3.872000	3.744000	1.828000	0.908000	0.920000	1.920000	0.964000	0.956000	1.820000	0.936000	0.884000	2.048000	1.064000	0.984000	1.784000	1.904000	1.312000	1.034188
3.832000	3.740000	1.836000	0.908000	0.928000	1.868000	0.924000	0.944000	1.840000	0.964000	0.876000	2.028000	1.036000	0.992000	1.824000	1.876000	1.300000	1.024599
3.868000	3.724000	1.756000	0.884000	0.872000	1.908000	0.948000	0.960000	1.968000	1.044000	0.924000	1.960000	0.992000	0.968000	1.868000	1.792000	1.340000	1.038668
3.920000	3.652000	1.864000	0.948000	0.916000	1.864000	0.968000	0.896000	1.776000	0.952000	0.824000	2.068000	1.052000	1.016000	2.000000	1.832000	1.168000	1.073384
3.688000	3.916000	1.820000	0.836000	0.984000	1.740000	0.892000	0.848000	2.076000	1.048000	1.028000	1.968000	0.912000	1.056000	1.792000	1.884000	1.324000	0.941777
3.748000	3.804000	1.868000	0.956000	0.912000	1.856000	0.840000	1.016000	1.872000	0.964000	0.908000	1.956000	0.988000	0.968000	1.868000	1.812000	1.320000	0.985279
3.652000	3.968000	1.960000	0.972000	0.988000	1.840000	0.828000	1.012000	1.852000	0.912000	0.940000	1.968000	0.940000	1.028000	1.900000	1.800000	1.300000	0.920363
3.776000	3.824000	1.924000	0.972000	0.952000	1.836000	0.916000	0.920000	1.876000	0.916000	0.960000	1.964000	0.972000	0.992000	1.964000	1.836000	1.200000	0.987448
3.688000	3.948000	1.848000	0.928000	0.920000	1.960000	0.940000	1.020000	1.780000	0.812000	0.968000	2.048000	1.008000	1.040000	1.892000	1.864000	1.244000	0.934144
3.852000	3.824000	1.916000	0.964000	0.952000	1.904000	0.920000	0.984000	1.888000	0.936000	0.952000	1.968000	1.032000	0.936000	1.932000	1.772000	1.296000	1.007322
3.784000	3.876000	1.888000	0.936000	0.952000	1.928000	0.900000	1.028000	1.912000	0.948000	0.964000	1.932000	1.000000	0.932000	1.972000	1.788000	1.240000	0.976264
3.572000	4.076000	1.856000	0.908000	0.948000	1.952000	0.844000	1.108000	1.884000	0.932000	0.952000	1.956000	0.888000	1.068000	1.928000	1.800000	1.272000	0.876349
3.588000	4.080000	1.864000	0.908000	0.956000	1.992000	0.924000	1.068000	1.884000	0.864000	1.020000	1.928000	0.892000	1.036000	1.920000	1.792000	1.288000	0.879412
3.708000	3.904000	1.772000	0.888000	0.884000	1.940000	0.900000	1.040000	1.928000	0.976000	0.952000	1.972000	0.944000	1.028000	1.964000	1.796000	1.240000	0.949795
3.800000	3.816000	1.852000	0.956000	0.896000	1.920000	0.928000	0.992000	1.872000	0.976000	0.896000	1.972000	0.940000	1.032000	1.836000	1.752000	1.412000	0.995807
3.652000	4.080000	1.820000	0.924000	0.896000	2.060000	0.988000	1.072000	1.904000	0.864000	1.040000	1.948000	0.876000	1.072000	1.780000	1.716000	1.504000	0.895098
3.812000	3.884000	1.860000	0.928000	0.932000	1.904000	0.916000	0.988000	1.944000	1.012000	0.932000	1.988000	0.956000	1.032000	1.824000	1.740000	1.436000	0.981462
3.648000	4.012000	1.848000	0.956000	0.892000	1.960000	0.924000	1.036000	1.908000	0.944000	0.964000	1.944000	0.824000	1.120000	1.904000	1.680000	1.416000	0.909272
3.724000	3.960000	2.004000	0.984000	1.020000	1.772000	0.840000	0.932000	1.964000	0.988000	0.976000	1.944000	0.912000	1.032000	1.836000	1.816000	1.348000	0.940404
3.800000	3.964000	2.072000	1.008000	1.064000	1.880000	0.892000	0.988000	1.852000	0.932000	0.920000	1.960000	0.968000	0.992000	1.772000	1.844000	1.384000	0.958628
3.772000	3.940000	1.960000	0.980000	0.980000	1.900000	0.912000	0.988000	1.792000	0.880000	0.912000	2.060000	1.000000	1.060000	1.884000	1.752000	1.364000	0.957360
3.788000	3.912000	1.944000	0.940000	1.004000	1.892000	0.928000	0.964000	1.840000	0.928000	0.912000	2.024000	0.992000	1.032000	1.840000	1.836000	1.324000	0.968303
3.772000	3.924000	2.080000	1.012000	1.068000	1.844000	0.880000	0.964000	1.808000	0.896000	0.912000	1.964000	0.984000	0.980000	1.828000	1.768000	1.404000	0.961264
3.732000	3.972000	1.936000	0.952000	0.984000	1.888000	0.940000	0.948000	1.928000	0.940000	0.988000	1.952000	0.900000	1.052000	1.868000	1.716000	1.416000	0.939577
3.760000	3.872000	1.876000	0.908000	0.968000	1.924000	1.000000	0.924000	1.932000	0.948000	0.984000	1.900000	0.904000	0.996000	1.952000	1.768000	1.280000	0.971074
3.856000	3.856000	1.912000	0.968000	0.944000	1.840000	0.936000	0.904000	1.936000	0.904000	1.032000	2.024000	1.048000	0.976000	1.860000	1.752000	1.388000	1.000000
3.800000	3.924000	2.032000	1.028000	1.004000	1.912000	0.960000	0.952000	1.832000	0.852000	0.980000	1.948000	0.960000	0.988000	1.892000	1.716000	1.392000	0.968400
3.744000	3.916000	1.968000	0.904000	1.064000	1.944000	1.004000	0.940000	1.996000	0.976000	1.020000	1.752000	0.860000	0.892000	1.880000	1.692000	1.428000	0.956078
3.720000	4.020000	1.912000	0.904000	1.008000	2.080000	1.104000	0.976000	1.864000	0.880000	0.984000	1.884000	0.832000	1.052000	1.828000	1.680000	1.492000	0.925373
3.816000	3.892000	1.972000	0.924000	1.048000	1.912000	0.996000	0.916000	1.904000	1.000000	0.904000	1.920000	0.896000	1.024000	1.820000	1.736000	1.444000	0.980473
3.720000	3.968000	1.996000	0.948000	1.048000	1.816000	0.932000	0.884000	1.908000	0.892000	1.016000	1.968000	0.948000	1.020000	1.844000	1.772000	1.384000	0.937500
3.772000	3.940000	1.984000	0.944000	1.040000	2.064000	1.068000	0.996000	1.832000	0.932000	0.900000	1.832000	0.828000	1.004000	1.808000	1.848000	1.344000	0.957360
3.712000	4.012000	1.916000	0.944000	0.972000	1.980000	0.968000	1.012000	1.832000	0.900000	0.932000	1.996000	0.900000	1.096000	1.824000	1.720000	1.456000	0.925224
3.800000	3.916000	2.016000	1.056000	0.960000	1.904000	0.972000	0.932000	1.820000	0.884000	0.936000	1.976000	0.888000	1.088000	1.760000	1.784000	1.456000	0.970378
3.780000	3.960000	2.028000	0.976000	1.052000	1.900000	0.916000	0.984000	1.780000	0.892000	0.888000	2.032000	0.996000	1.036000	1.796000	1.804000	1.400000	0.954545
3.840000	3.884000	1.972000	0.936000	1.036000	1.868000	0.960000	0.908000	1.912000	0.956000	0.956000	1.972000	0.988000	0.984000	1.792000	1.800000	1.408000	0.988671
3.760000	3.936000	1.972000	0.936000	1.036000	2.012000	0.972000	1.040000	1.848000	0.944000	0.904000	1.864000	0.908000	0.956000	1.736000	1.868000	1.396000	0.955285
4.012000	3.760000	2.036000	0.988000	1.048000	2.056000	1.020000	1.036000	1.976000	1.096000	0.880000	1.704000	0.908000	0.796000	1.836000	1.824000	1.340000	1.067021
3.816000	3.868000	1.964000	0.956000	1.008000	1.864000	0.940000	0.924000	1.912000	0.960000	0.952000	1.944000	0.960000	0.984000	1.964000	1.824000	1.212000	0.986556
3.880000	3.888000	2.200000	1.040000	1.160000	1.900000	0.984000	0.916000	1.824000	0.952000	0.872000	1.844000	0.904000	0.940000	1.984000	1.712000	1.304000	0.997942
3.876000	3.844000	2.004000	0.980000	1.024000	1.976000	1.024000	0.952000	1.740000	0.872000	0.868000	2.000000	1.000000	1.000000	1.848000	1.812000	1.340000	1.008325
3.840000	3.860000	1.912000	0.932000	0.980000	1.912000	1.036000	0.876000	1.832000	0.836000	0.996000	2.044000	1.036000	1.008000	1.872000	1.816000	1.312000	0.994819
3.892000	3.752000	1.912000	1.060000	0.852000	1.920000	0.940000	0.980000	1.876000	0.896000	0.980000	1.936000	0.996000	0.940000	1.956000	1.728000	1.316000	1.037313
3.812000	3.836000	1.872000	0.888000	0.984000	1.816000	0.876000	0.940000	1.952000	1.012000	0.940000	2.008000	1.036000	0.972000	1.916000	1.724000	1.360000	0.993743
3.728000	3.876000	2.000000	0.992000	1.008000	1.876000	0.924000	0.952000	1.812000	0.868000	0.944000	1.916000	0.944000	0.972000	1.868000	1.696000	1.436000	0.961816
3.776000	3.836000	2.020000	0.964000	1.056000	1.892000	0.940000	0.952000	1.864000	0.956000	0.908000	1.836000	0.916000	0.920000	1.888000	1.724000	1.388000	0.984359
3.816000	3.884000	2.040000	1.000000	1.040000	1.884000	0.860000	1.024000	1.896000	0.972000	0.924000	1.880000	0.984000	0.896000	1.948000	1.724000	1.328000	0.982492
3.668000	3.976000	1.884000	0.880000	1.004000	1.900000	0.920000	0.980000	1.932000	0.892000	1.040000	1.928000	0.976000	0.952000	1.948000	1.680000	1.372000	0.922535
3.880000	3.800000	2.028000	1.036000	0.992000	1.960000	1.016000	0.944000	1.740000	0.884000	0.856000	1.952000	0.944000	1.008000	1.768000	1.724000	1.508000	1.021053
3.756000	3.964000	2.020000	0.980000	1.040000	1.856000	0.900000	0.956000	1.868000	0.892000	0.976000	1.976000	0.984000	0.992000	1.784000	1.780000	1.436000	0.947528
3.788000	3.928000	1.864000	0.944000	0.920000	2.000000	0.912000	1.088000	1.920000	0.952000	0.968000	1.932000	0.980000	0.952000	1.912000	1.708000	1.380000	0.964358
3.672000	3.976000	1.808000	0.880000	0.928000	1.876000	0.900000	0.976000	1.956000	0.924000	1.032000	2.008000	0.968000	1.040000	1.872000	1.784000	1.344000	0.923541
3.768000	3.864000	1.796000	0.812000	0.984000	1.964000	1.024000	0.940000	1.840000	0.892000	0.948000	2.032000	1.040000	0.992000	1.868000	1.768000	1.364000	0.975155
3.956000	3.764000	1.964000	0.968000	0.996000	1.872000	0.916000	0.956000	1.816000	1.000000	0.816000	2.068000	1.072000	0.996000	1.840000	1.868000	1.292000	1.051010
3.736000	3.896000	1.932000	0.880000	1.052000	1.836000	0.872000	0.964000	2.064000	1.068000	0.996000	1.800000	0.916000	0.884000	1.868000	1.804000	1.328000	0.958932
3.940000	3.664000	2.036000	1.056000	0.980000	1.888000	0.920000	0.968000	1.948000	1.040000	0.908000	1.732000	0.924000	0.808000	1.836000	1.832000	1.332000	1.075328
3.688000	3.976000	1.912000	0.852000	1.060000	1.928000	0.944000	0.984000	1.896000	0.952000	0.944000	1.928000	0.940000	0.988000	1.908000	1.728000	1.364000	0.927565
3.800000	3.888000	1.776000	0.872000	0.904000	2.056000	0.952000	1.104000	1.872000	0.904000	0.968000	1.984000	1.072000	0.912000	1.900000	1.780000	1.320000	0.977366
3.816000	3.916000	1.780000	0.820000	0.960000	1.856000	0.892000	0.964000	1.972000	1.040000	0.932000	2.124000	1.064000	1.060000	1.972000	1.808000	1.220000	0.974464
3.748000	3.992000	2.016000	0.932000	1.084000	1.840000	0.900000	0.940000	1.960000	0.968000	0.992000	1.924000	0.948000	0.976000	1.912000	1.836000	1.252000	0.938878
3.804000	3.872000	1.900000	0.952000	0.948000	1.780000	0.868000	0.912000	1.916000	0.932000	0.984000	2.080000	1.052000	1.028000	1.816000	1.864000	1.320000	0.982438
