SWD		SHLD		FIR		FSW		FSH		ICE		ISW		ISH		WND		WSW		WSH		ETH		ESW		ESH		ATK		DEF		MRP		Sword/Shield
4.220000	3.780000	2.150000	1.170000	0.980000	1.980000	1.050000	0.930000	1.810000	0.930000	0.880000	2.060000	1.070000	0.990000	1.730000	1.660000	1.610000	1.116402
3.600000	3.710000	1.720000	0.880000	0.840000	1.880000	0.940000	0.940000	1.790000	0.810000	0.980000	1.920000	0.970000	0.950000	1.770000	1.820000	1.410000	0.970350
3.780000	3.700000	1.960000	0.970000	0.990000	1.690000	0.810000	0.880000	1.820000	0.860000	0.960000	2.010000	1.140000	0.870000	1.620000	1.930000	1.450000	1.021622
3.870000	3.660000	1.930000	0.970000	0.960000	1.730000	0.880000	0.850000	1.950000	1.020000	0.930000	1.920000	1.000000	0.920000	1.970000	1.820000	1.210000	1.057377
3.850000	3.750000	2.110000	1.100000	1.010000	1.910000	0.930000	0.980000	1.790000	0.900000	0.890000	1.790000	0.920000	0.870000	2.040000	1.690000	1.270000	1.026667
3.440000	4.050000	1.920000	0.910000	1.010000	1.870000	0.830000	1.040000	1.850000	0.850000	1.000000	1.850000	0.850000	1.000000	2.030000	1.760000	1.210000	0.849383
3.470000	4.150000	1.650000	0.830000	0.820000	1.920000	0.840000	1.080000	2.020000	0.900000	1.120000	2.030000	0.900000	1.130000	1.810000	1.840000	1.350000	0.836145
3.770000	3.940000	1.760000	0.880000	0.880000	2.040000	1.000000	1.040000	2.050000	0.930000	1.120000	1.860000	0.960000	0.900000	1.890000	1.870000	1.240000	0.956853
3.900000	3.820000	1.970000	0.940000	1.030000	1.860000	0.950000	0.910000	1.990000	0.960000	1.030000	1.900000	1.050000	0.850000	1.980000	1.750000	1.270000	1.020942
3.490000	4.260000	1.980000	0.750000	1.230000	1.740000	0.880000	0.860000	2.100000	0.980000	1.120000	1.930000	0.880000	1.050000	1.790000	1.850000	1.360000	0.819249
3.760000	3.930000	2.110000	1.040000	1.070000	1.920000	1.000000	0.920000	1.830000	0.780000	1.050000	1.830000	0.940000	0.890000	1.850000	1.770000	1.380000	0.956743
3.920000	3.830000	1.760000	0.900000	0.860000	2.160000	1.140000	1.020000	1.960000	0.920000	1.040000	1.870000	0.960000	0.910000	1.730000	1.900000	1.370000	1.023499
3.880000	3.820000	1.960000	0.910000	1.050000	1.890000	1.050000	0.840000	1.980000	1.000000	0.980000	1.870000	0.920000	0.950000	1.810000	1.950000	1.240000	1.015707
3.740000	3.970000	2.060000	1.010000	1.050000	1.920000	0.880000	1.040000	1.850000	0.870000	0.980000	1.880000	0.980000	0.900000	1.840000	1.840000	1.320000	0.942065
3.610000	4.200000	1.900000	0.940000	0.960000	1.950000	0.850000	1.100000	1.940000	0.930000	1.010000	2.020000	0.890000	1.130000	1.990000	1.690000	1.320000	0.859524
3.990000	3.760000	1.740000	0.970000	0.770000	2.000000	0.970000	1.030000	2.010000	1.000000	1.010000	2.000000	1.050000	0.950000	1.990000	1.740000	1.270000	1.061170
4.030000	3.730000	2.030000	1.150000	0.880000	1.870000	1.050000	0.820000	1.940000	0.910000	1.030000	1.920000	0.920000	1.000000	2.000000	1.880000	1.120000	1.080429
3.990000	3.760000	1.960000	0.970000	0.990000	1.950000	1.000000	0.950000	1.880000	1.010000	0.870000	1.960000	1.010000	0.950000	1.750000	1.920000	1.330000	1.061170
3.800000	3.920000	2.010000	0.930000	1.080000	1.810000	0.970000	0.840000	1.910000	1.010000	0.900000	1.990000	0.890000	1.100000	1.920000	1.680000	1.400000	0.969388
3.740000	3.930000	1.890000	1.000000	0.890000	1.860000	0.820000	1.040000	2.050000	1.040000	1.010000	1.870000	0.880000	0.990000	1.980000	1.820000	1.200000	0.951654
3.670000	3.820000	1.980000	1.090000	0.890000	1.900000	0.870000	1.030000	1.760000	0.920000	0.840000	1.850000	0.790000	1.060000	1.820000	1.960000	1.220000	0.960733
3.920000	3.820000	1.760000	0.920000	0.840000	1.680000	0.930000	0.750000	2.220000	1.120000	1.100000	2.080000	0.950000	1.130000	1.890000	1.790000	1.320000	1.026178
3.720000	3.810000	2.060000	0.960000	1.100000	1.490000	0.820000	0.670000	1.860000	0.940000	0.920000	2.120000	1.000000	1.120000	1.790000	1.780000	1.430000	0.976378
3.660000	4.020000	1.920000	0.970000	0.950000	1.880000	0.930000	0.950000	1.980000	0.930000	1.050000	1.900000	0.830000	1.070000	1.880000	1.740000	1.380000	0.910448
3.750000	3.950000	1.950000	0.990000	0.960000	1.830000	0.850000	0.980000	1.820000	0.890000	0.930000	2.100000	1.020000	1.080000	1.810000	1.900000	1.290000	0.949367
3.670000	3.930000	1.680000	0.790000	0.890000	1.830000	0.860000	0.970000	1.960000	0.970000	0.990000	2.130000	1.050000	1.080000	1.950000	1.610000	1.440000	0.933842
3.850000	3.680000	1.560000	0.920000	0.640000	1.760000	0.950000	0.810000	1.990000	0.900000	1.090000	2.220000	1.080000	1.140000	1.970000	1.700000	1.330000	1.046196
3.830000	3.860000	1.920000	1.030000	0.890000	1.740000	0.850000	0.890000	2.010000	0.970000	1.040000	2.020000	0.980000	1.040000	1.850000	1.790000	1.360000	0.992228
3.930000	3.830000	2.060000	1.170000	0.890000	1.860000	0.860000	1.000000	1.880000	0.990000	0.890000	1.960000	0.910000	1.050000	1.790000	1.900000	1.310000	1.026110
4.000000	3.730000	2.000000	1.080000	0.920000	1.880000	0.950000	0.930000	1.880000	0.950000	0.930000	1.970000	1.020000	0.950000	1.920000	1.650000	1.430000	1.072386
4.060000	3.590000	1.860000	0.990000	0.870000	1.800000	0.880000	0.920000	1.940000	1.120000	0.820000	2.050000	1.070000	0.980000	1.910000	1.740000	1.350000	1.130919
3.890000	3.800000	1.900000	0.950000	0.950000	1.900000	0.970000	0.930000	2.100000	1.000000	1.100000	1.790000	0.970000	0.820000	2.010000	1.610000	1.380000	1.023684
3.770000	3.890000	1.980000	0.970000	1.010000	1.760000	0.840000	0.920000	1.950000	1.040000	0.910000	1.970000	0.920000	1.050000	1.850000	1.750000	1.400000	0.969152
3.840000	3.800000	1.810000	0.900000	0.910000	1.850000	0.930000	0.920000	1.830000	0.960000	0.870000	2.150000	1.050000	1.100000	1.730000	1.950000	1.320000	1.010526
3.830000	3.830000	1.960000	1.040000	0.920000	1.940000	0.890000	1.050000	1.870000	0.980000	0.890000	1.890000	0.920000	0.970000	1.880000	1.910000	1.210000	1.000000
3.760000	3.850000	1.840000	0.880000	0.960000	1.960000	1.010000	0.950000	2.090000	1.030000	1.060000	1.720000	0.840000	0.880000	1.850000	1.750000	1.400000	0.976623
3.830000	3.910000	1.900000	0.920000	0.980000	2.040000	1.040000	1.000000	1.820000	0.890000	0.930000	1.980000	0.980000	1.000000	1.990000	1.670000	1.340000	0.979540
3.750000	3.900000	2.000000	0.940000	1.060000	1.890000	0.900000	0.990000	1.860000	0.970000	0.890000	1.900000	0.940000	0.960000	1.820000	1.880000	1.300000	0.961538
3.850000	3.800000	2.090000	1.040000	1.050000	1.930000	1.040000	0.890000	1.830000	0.810000	1.020000	1.800000	0.960000	0.840000	1.930000	1.720000	1.350000	1.013158
3.360000	4.150000	1.880000	0.790000	1.090000	1.890000	0.770000	1.120000	1.930000	0.900000	1.030000	1.810000	0.900000	0.910000	1.760000	1.800000	1.440000	0.809639
3.540000	4.160000	1.920000	0.910000	1.010000	1.870000	0.820000	1.050000	1.950000	0.990000	0.960000	1.960000	0.820000	1.140000	1.950000	1.760000	1.290000	0.850962
4.160000	3.630000	2.010000	1.100000	0.910000	1.930000	1.020000	0.910000	1.780000	1.090000	0.690000	2.070000	0.950000	1.120000	1.830000	1.720000	1.450000	1.146006
3.700000	3.990000	2.150000	1.020000	1.130000	1.980000	0.930000	1.050000	1.910000	0.980000	0.930000	1.650000	0.770000	0.880000	1.700000	1.960000	1.340000	0.927318
3.790000	3.890000	1.790000	0.970000	0.820000	1.990000	0.880000	1.110000	1.990000	1.000000	0.990000	1.910000	0.940000	0.970000	1.980000	1.840000	1.180000	0.974293
3.810000	3.830000	1.760000	0.850000	0.910000	2.100000	0.990000	1.110000	2.060000	1.060000	1.000000	1.720000	0.910000	0.810000	1.890000	1.680000	1.430000	0.994778
3.940000	3.820000	2.060000	1.190000	0.870000	1.930000	0.900000	1.030000	1.690000	0.940000	0.750000	2.080000	0.910000	1.170000	1.770000	1.760000	1.470000	1.031414
3.480000	4.060000	1.780000	0.800000	0.980000	2.010000	0.940000	1.070000	1.690000	0.720000	0.970000	2.060000	1.020000	1.040000	1.880000	1.820000	1.300000	0.857143
3.870000	3.840000	1.980000	1.060000	0.920000	1.850000	0.850000	1.000000	2.110000	1.050000	1.060000	1.770000	0.910000	0.860000	1.810000	1.790000	1.400000	1.007812
3.950000	3.830000	1.960000	1.030000	0.930000	1.980000	1.040000	0.940000	1.860000	0.860000	1.000000	1.980000	1.020000	0.960000	1.900000	1.840000	1.260000	1.031332
3.700000	3.990000	2.100000	1.010000	1.090000	1.960000	0.980000	0.980000	1.700000	0.800000	0.900000	1.930000	0.910000	1.020000	1.730000	1.940000	1.330000	0.927318
3.840000	3.830000	2.030000	1.070000	0.960000	1.790000	0.920000	0.870000	1.990000	0.960000	1.030000	1.860000	0.890000	0.970000	1.820000	1.890000	1.290000	1.002611
3.730000	4.070000	1.840000	0.950000	0.890000	2.010000	0.950000	1.060000	2.150000	1.050000	1.100000	1.800000	0.780000	1.020000	1.960000	1.740000	1.300000	0.916462
3.820000	3.840000	1.960000	1.010000	0.950000	1.820000	0.950000	0.870000	1.940000	1.000000	0.940000	1.940000	0.860000	1.080000	1.990000	1.650000	1.360000	0.994792
3.490000	4.210000	1.830000	0.880000	0.950000	1.950000	0.880000	1.070000	1.820000	0.890000	0.930000	2.100000	0.840000	1.260000	1.940000	1.750000	1.310000	0.828979
3.770000	3.900000	1.980000	0.930000	1.050000	1.810000	0.920000	0.890000	1.830000	0.960000	0.870000	2.050000	0.960000	1.090000	1.860000	1.780000	1.360000	0.966667
4.090000	3.610000	1.950000	1.070000	0.880000	1.820000	0.970000	0.850000	1.930000	0.990000	0.940000	2.000000	1.060000	0.940000	1.770000	1.870000	1.360000	1.132964
3.570000	4.070000	1.780000	0.740000	1.040000	1.960000	0.920000	1.040000	1.820000	0.860000	0.960000	2.080000	1.050000	1.030000	2.060000	1.770000	1.170000	0.877150
3.940000	3.910000	1.950000	1.140000	0.810000	1.970000	0.920000	1.050000	2.040000	0.960000	1.080000	1.890000	0.920000	0.970000	1.730000	1.710000	1.560000	1.007673
4.010000	3.740000	1.680000	0.810000	0.870000	1.720000	0.940000	0.780000	2.240000	1.160000	1.080000	2.110000	1.100000	1.010000	1.970000	1.790000	1.240000	1.072193
3.820000	3.920000	2.050000	1.020000	1.030000	1.810000	0.840000	0.970000	1.980000	1.050000	0.930000	1.900000	0.910000	0.990000	2.020000	1.580000	1.400000	0.974490
3.730000	3.920000	1.970000	0.990000	0.980000	1.690000	0.730000	0.960000	2.030000	0.970000	1.060000	1.960000	1.040000	0.920000	1.980000	1.720000	1.300000	0.951531
3.860000	3.850000	2.060000	1.090000	0.970000	1.720000	0.830000	0.890000	1.900000	0.930000	0.970000	2.030000	1.010000	1.020000	1.990000	1.640000	1.370000	1.002597
4.030000	3.750000	2.080000	0.970000	1.110000	1.720000	0.870000	0.850000	2.060000	1.090000	0.970000	1.920000	1.100000	0.820000	1.950000	1.880000	1.170000	1.074667
3.720000	3.830000	1.730000	0.880000	0.850000	1.830000	0.870000	0.960000	1.900000	0.900000	1.000000	2.090000	1.070000	1.020000	1.870000	1.710000	1.420000	0.971279
3.710000	3.930000	1.910000	1.020000	0.890000	1.730000	0.900000	0.830000	1.930000	0.810000	1.120000	2.070000	0.980000	1.090000	1.880000	1.770000	1.350000	0.944020
3.810000	3.940000	1.960000	1.020000	0.940000	1.870000	0.860000	1.010000	1.860000	0.930000	0.930000	2.060000	1.000000	1.060000	2.110000	1.620000	1.270000	0.967005
3.690000	3.930000	1.840000	0.930000	0.910000	1.700000	0.870000	0.830000	2.030000	0.900000	1.130000	2.050000	0.990000	1.060000	2.080000	1.640000	1.280000	0.938931
3.880000	3.770000	1.790000	0.900000	0.890000	1.890000	0.960000	0.930000	1.880000	0.950000	0.930000	2.090000	1.070000	1.020000	1.810000	1.870000	1.320000	1.029178
3.520000	4.050000	1.820000	0.760000	1.060000	1.990000	0.950000	1.040000	1.910000	0.890000	1.020000	1.850000	0.920000	0.930000	1.970000	1.490000	1.540000	0.869136
3.570000	4.010000	1.740000	0.850000	0.890000	1.910000	0.890000	1.020000	1.680000	0.760000	0.920000	2.250000	1.070000	1.180000	1.820000	1.810000	1.370000	0.890274
3.620000	4.020000	1.780000	0.890000	0.890000	1.930000	0.860000	1.070000	1.890000	0.910000	0.980000	2.040000	0.960000	1.080000	1.680000	1.810000	1.510000	0.900498
4.100000	3.650000	1.920000	1.100000	0.820000	1.780000	0.980000	0.800000	2.000000	1.030000	0.970000	2.050000	0.990000	1.060000	1.790000	1.860000	1.350000	1.123288
3.870000	3.910000	2.100000	1.050000	1.050000	1.700000	0.760000	0.940000	2.010000	1.030000	0.980000	1.970000	1.030000	0.940000	1.850000	1.740000	1.410000	0.989770
3.650000	4.080000	1.740000	0.720000	1.020000	1.930000	0.970000	0.960000	1.890000	0.850000	1.040000	2.170000	1.110000	1.060000	1.860000	1.660000	1.480000	0.894608
3.780000	3.920000	1.840000	0.890000	0.950000	1.870000	0.930000	0.940000	1.960000	0.940000	1.020000	2.030000	1.020000	1.010000	1.940000	1.750000	1.310000	0.964286
3.650000	4.080000	2.030000	0.970000	1.060000	1.740000	0.810000	0.930000	1.840000	0.770000	1.070000	2.120000	1.100000	1.020000	1.950000	1.870000	1.180000	0.894608
3.880000	3.810000	1.840000	0.940000	0.900000	1.870000	0.890000	0.980000	2.030000	0.960000	1.070000	1.950000	1.090000	0.860000	1.970000	1.760000	1.270000	1.018373
3.910000	3.770000	1.840000	0.890000	0.950000	1.890000	1.030000	0.860000	2.000000	1.060000	0.940000	1.950000	0.930000	1.020000	1.690000	1.780000	1.530000	1.037135
3.600000	4.030000	1.880000	0.860000	1.020000	1.920000	0.960000	0.960000	1.800000	0.840000	0.960000	2.030000	0.940000	1.090000	1.790000	1.790000	1.420000	0.893300
4.080000	3.790000	1.730000	0.920000	0.810000	1.820000	0.980000	0.840000	2.160000	1.090000	1.070000	2.160000	1.090000	1.070000	1.820000	1.830000	1.350000	1.076517
3.770000	3.880000	1.830000	0.770000	1.060000	1.790000	0.930000	0.860000	1.950000	1.040000	0.910000	2.080000	1.030000	1.050000	1.950000	1.840000	1.210000	0.971649
3.960000	3.740000	1.980000	0.830000	1.150000	1.600000	0.820000	0.780000	2.120000	1.280000	0.840000	2.000000	1.030000	0.970000	1.990000	1.580000	1.430000	1.058824
3.790000	3.980000	1.890000	0.800000	1.090000	1.800000	0.890000	0.910000	1.870000	0.960000	0.910000	2.210000	1.140000	1.070000	2.070000	1.720000	1.210000	0.952261
3.860000	3.930000	1.990000	1.020000	0.970000	1.860000	0.940000	0.920000	1.950000	1.000000	0.950000	1.990000	0.900000	1.090000	1.910000	1.810000	1.280000	0.982188
3.990000	3.650000	1.960000	0.900000	1.060000	1.880000	1.030000	0.850000	1.750000	0.950000	0.800000	2.050000	1.110000	0.940000	1.910000	1.830000	1.260000	1.093151
3.960000	3.660000	1.850000	0.910000	0.940000	1.750000	1.030000	0.720000	1.830000	0.840000	0.990000	2.190000	1.180000	1.010000	2.060000	1.660000	1.280000	1.081967
4.070000	3.720000	1.930000	0.920000	1.010000	1.920000	1.000000	0.920000	1.820000	0.950000	0.870000	2.120000	1.200000	0.920000	1.950000	1.770000	1.280000	1.094086
3.750000	3.970000	2.010000	1.040000	0.970000	1.770000	0.850000	0.920000	1.690000	0.850000	0.840000	2.250000	1.010000	1.240000	2.100000	1.800000	1.100000	0.944584
3.900000	3.920000	1.720000	0.940000	0.780000	2.200000	1.110000	1.090000	1.870000	0.970000	0.900000	2.030000	0.880000	1.150000	1.810000	1.910000	1.280000	0.994898
3.770000	3.850000	1.750000	0.830000	0.920000	2.020000	1.090000	0.930000	1.890000	0.840000	1.050000	1.960000	1.010000	0.950000	1.720000	2.020000	1.260000	0.979221
3.850000	3.900000	1.780000	0.940000	0.840000	1.860000	0.910000	0.950000	1.920000	0.920000	1.000000	2.190000	1.080000	1.110000	1.920000	1.860000	1.220000	0.987179
3.710000	3.780000	1.960000	0.970000	0.990000	1.980000	1.000000	0.980000	1.720000	0.840000	0.880000	1.830000	0.900000	0.930000	1.790000	1.870000	1.340000	0.981481
3.880000	3.860000	1.750000	0.870000	0.880000	1.970000	1.060000	0.910000	1.910000	0.940000	0.970000	2.110000	1.010000	1.100000	1.900000	1.670000	1.430000	1.005181
3.660000	4.060000	1.690000	0.860000	0.830000	2.000000	0.920000	1.080000	1.960000	0.950000	1.010000	2.070000	0.930000	1.140000	2.120000	1.810000	1.070000	0.901478
3.880000	3.840000	2.100000	1.000000	1.100000	1.770000	0.780000	0.990000	1.710000	0.930000	0.780000	2.140000	1.170000	0.970000	1.920000	1.760000	1.320000	1.010417
3.800000	3.780000	1.770000	0.920000	0.850000	1.900000	0.880000	1.020000	1.990000	1.060000	0.930000	1.920000	0.940000	0.980000	1.770000	1.910000	1.320000	1.005291
3.810000	3.800000	1.760000	0.820000	0.940000	1.900000	1.010000	0.890000	2.010000	0.970000	1.040000	1.940000	1.010000	0.930000	2.040000	1.730000	1.230000	1.002632
3.580000	3.920000	1.760000	0.860000	0.900000	1.880000	0.760000	1.120000	2.070000	0.960000	1.110000	1.790000	1.000000	0.790000	1.840000	1.930000	1.230000	0.913265
4.020000	3.680000	1.940000	0.960000	0.980000	2.040000	1.050000	0.990000	1.810000	0.960000	0.850000	1.910000	1.050000	0.860000	1.840000	1.910000	1.250000	1.092391
3.800000	3.900000	1.790000	0.770000	1.020000	1.970000	1.000000	0.970000	2.040000	1.080000	0.960000	1.900000	0.950000	0.950000	1.780000	1.820000	1.400000	0.974359
