SWD		SHLD		FIR		FSW		FSH		ICE		ISW		ISH		WND		WSW		WSH		ETH		ESW		ESH		ATK		DEF		MRP		Sword/Shield
4.080000	3.920000	2.020000	1.030000	0.990000	2.180000	1.130000	1.050000	1.970000	1.040000	0.930000	1.830000	0.880000	0.950000	1.820000	1.590000	1.590000	1.040816
3.350000	3.900000	1.730000	0.800000	0.930000	2.020000	0.970000	1.050000	1.740000	0.670000	1.070000	1.760000	0.910000	0.850000	1.790000	1.890000	1.320000	0.858974
3.740000	3.590000	1.650000	0.900000	0.750000	1.990000	0.940000	1.050000	1.840000	0.950000	0.890000	1.850000	0.950000	0.900000	1.920000	1.860000	1.220000	1.041783
3.430000	3.890000	1.860000	0.900000	0.960000	1.910000	0.820000	1.090000	1.860000	0.880000	0.980000	1.690000	0.830000	0.860000	1.830000	1.910000	1.260000	0.881748
3.720000	3.720000	1.860000	0.940000	0.920000	1.860000	0.940000	0.920000	1.720000	0.860000	0.860000	2.000000	0.980000	1.020000	1.960000	1.790000	1.250000	1.000000
3.960000	3.700000	2.080000	1.060000	1.020000	1.790000	0.930000	0.860000	1.680000	0.900000	0.780000	2.110000	1.070000	1.040000	1.910000	1.860000	1.230000	1.070270
3.790000	4.000000	1.970000	1.090000	0.880000	1.940000	0.940000	1.000000	1.900000	0.860000	1.040000	1.980000	0.900000	1.080000	1.740000	1.930000	1.330000	0.947500
3.840000	3.770000	1.960000	1.040000	0.920000	2.100000	0.970000	1.130000	1.830000	0.910000	0.920000	1.720000	0.920000	0.800000	1.660000	2.090000	1.250000	1.018568
3.680000	4.040000	2.050000	0.940000	1.110000	1.980000	0.970000	1.010000	2.020000	0.970000	1.050000	1.670000	0.800000	0.870000	1.850000	1.670000	1.480000	0.910891
3.550000	3.960000	1.810000	0.830000	0.980000	1.810000	0.750000	1.060000	1.860000	0.940000	0.920000	2.030000	1.030000	1.000000	1.810000	1.810000	1.380000	0.896465
3.930000	3.790000	1.980000	0.990000	0.990000	1.870000	0.980000	0.890000	1.950000	0.920000	1.030000	1.920000	1.040000	0.880000	1.750000	1.850000	1.400000	1.036939
3.550000	4.040000	2.020000	0.890000	1.130000	1.820000	0.850000	0.970000	1.940000	0.860000	1.080000	1.810000	0.950000	0.860000	1.960000	1.620000	1.420000	0.878713
3.690000	4.030000	2.100000	0.990000	1.110000	1.930000	0.860000	1.070000	1.860000	0.870000	0.990000	1.830000	0.970000	0.860000	1.920000	1.890000	1.190000	0.915633
3.820000	3.770000	1.940000	0.980000	0.960000	1.780000	0.890000	0.890000	1.810000	0.820000	0.990000	2.060000	1.130000	0.930000	2.020000	1.670000	1.310000	1.013263
4.070000	3.640000	1.860000	0.860000	1.000000	1.790000	1.050000	0.740000	1.860000	0.940000	0.920000	2.200000	1.220000	0.980000	2.140000	1.600000	1.260000	1.118132
3.710000	3.920000	1.850000	0.900000	0.950000	2.050000	1.040000	1.010000	1.850000	0.860000	0.990000	1.880000	0.910000	0.970000	1.870000	1.700000	1.430000	0.946429
3.760000	3.870000	1.750000	0.890000	0.860000	1.930000	0.960000	0.970000	1.850000	0.960000	0.890000	2.100000	0.950000	1.150000	1.860000	1.910000	1.230000	0.971576
3.710000	3.970000	2.010000	1.030000	0.980000	1.820000	0.870000	0.950000	1.930000	0.900000	1.030000	1.920000	0.910000	1.010000	1.890000	1.750000	1.360000	0.934509
4.050000	3.740000	1.680000	0.960000	0.720000	2.060000	1.020000	1.040000	1.890000	1.020000	0.870000	2.160000	1.050000	1.110000	1.980000	1.640000	1.380000	1.082888
3.950000	3.760000	1.920000	0.990000	0.930000	1.860000	0.920000	0.940000	1.770000	0.860000	0.910000	2.160000	1.180000	0.980000	1.820000	1.760000	1.420000	1.050532
3.720000	3.960000	1.820000	0.970000	0.850000	2.110000	0.970000	1.140000	2.010000	0.930000	1.080000	1.740000	0.850000	0.890000	2.090000	1.690000	1.220000	0.939394
3.950000	3.760000	1.810000	0.960000	0.850000	1.810000	0.920000	0.890000	1.690000	0.820000	0.870000	2.400000	1.250000	1.150000	2.000000	1.640000	1.360000	1.050532
3.990000	3.700000	1.820000	0.930000	0.890000	1.830000	1.070000	0.760000	1.830000	0.950000	0.880000	2.210000	1.040000	1.170000	1.830000	1.670000	1.500000	1.078378
3.760000	4.000000	2.030000	1.030000	1.000000	1.970000	0.910000	1.060000	1.760000	0.840000	0.920000	2.000000	0.980000	1.020000	1.900000	1.830000	1.270000	0.940000
3.550000	4.150000	1.810000	0.760000	1.050000	2.030000	0.900000	1.130000	2.010000	1.000000	1.010000	1.850000	0.890000	0.960000	1.930000	1.880000	1.190000	0.855422
3.680000	3.970000	2.010000	0.970000	1.040000	1.720000	0.820000	0.900000	1.860000	0.950000	0.910000	2.060000	0.940000	1.120000	1.890000	1.940000	1.170000	0.926952
3.690000	4.090000	1.880000	1.010000	0.870000	1.810000	0.780000	1.030000	2.100000	1.040000	1.060000	1.990000	0.860000	1.130000	1.840000	1.840000	1.320000	0.902200
4.100000	3.570000	1.680000	0.890000	0.790000	1.980000	1.010000	0.970000	1.810000	1.000000	0.810000	2.200000	1.200000	1.000000	2.140000	1.740000	1.120000	1.148459
3.480000	3.990000	1.850000	0.880000	0.970000	1.700000	0.740000	0.960000	1.960000	0.940000	1.020000	1.960000	0.920000	1.040000	2.070000	1.800000	1.130000	0.872180
3.890000	3.810000	1.920000	1.010000	0.910000	1.850000	0.840000	1.010000	1.940000	1.040000	0.900000	1.990000	1.000000	0.990000	1.930000	1.670000	1.400000	1.020997
3.840000	3.910000	1.920000	0.850000	1.070000	2.100000	1.110000	0.990000	2.050000	1.000000	1.050000	1.680000	0.880000	0.800000	2.090000	1.610000	1.300000	0.982097
3.550000	4.230000	1.830000	0.870000	0.960000	1.920000	0.850000	1.070000	1.930000	0.860000	1.070000	2.100000	0.970000	1.130000	1.920000	1.740000	1.340000	0.839243
3.970000	3.800000	1.950000	1.050000	0.900000	1.860000	0.930000	0.930000	1.970000	1.000000	0.970000	1.990000	0.990000	1.000000	1.800000	1.870000	1.330000	1.044737
3.800000	3.840000	1.970000	1.040000	0.930000	1.860000	1.020000	0.840000	1.740000	0.720000	1.020000	2.070000	1.020000	1.050000	1.830000	1.910000	1.260000	0.989583
3.790000	4.020000	2.120000	1.040000	1.080000	1.790000	0.810000	0.980000	1.770000	0.840000	0.930000	2.130000	1.100000	1.030000	1.970000	1.840000	1.190000	0.942786
3.760000	3.950000	2.020000	0.960000	1.060000	1.910000	0.980000	0.930000	1.860000	0.860000	1.000000	1.920000	0.960000	0.960000	1.860000	1.880000	1.260000	0.951899
3.740000	3.780000	1.910000	0.940000	0.970000	1.760000	0.900000	0.860000	1.870000	0.920000	0.950000	1.980000	0.980000	1.000000	1.860000	1.810000	1.330000	0.989418
3.850000	3.820000	2.170000	1.050000	1.120000	1.790000	1.000000	0.790000	1.920000	0.930000	0.990000	1.790000	0.870000	0.920000	2.040000	1.800000	1.160000	1.007853
3.890000	3.920000	2.100000	1.050000	1.050000	1.830000	0.910000	0.920000	1.980000	1.030000	0.950000	1.900000	0.900000	1.000000	1.800000	1.830000	1.370000	0.992347
3.710000	3.880000	1.890000	0.860000	1.030000	1.800000	0.930000	0.870000	1.980000	0.940000	1.040000	1.920000	0.980000	0.940000	1.740000	2.030000	1.230000	0.956186
3.990000	3.760000	1.960000	0.980000	0.980000	1.930000	1.030000	0.900000	1.920000	0.890000	1.030000	1.940000	1.090000	0.850000	2.160000	1.580000	1.260000	1.061170
4.030000	3.670000	2.050000	1.120000	0.930000	1.970000	1.070000	0.900000	1.890000	0.890000	1.000000	1.790000	0.950000	0.840000	1.980000	1.760000	1.260000	1.098093
3.760000	3.950000	2.000000	0.840000	1.160000	1.790000	0.870000	0.920000	1.960000	1.030000	0.930000	1.960000	1.020000	0.940000	1.980000	1.650000	1.370000	0.951899
3.600000	4.140000	1.900000	0.820000	1.080000	1.860000	0.870000	0.990000	2.050000	0.910000	1.140000	1.930000	1.000000	0.930000	1.990000	1.730000	1.280000	0.869565
3.830000	3.810000	1.970000	0.940000	1.030000	1.860000	0.970000	0.890000	1.920000	0.870000	1.050000	1.890000	1.050000	0.840000	1.940000	1.770000	1.290000	1.005249
3.930000	3.750000	2.010000	1.090000	0.920000	1.830000	0.880000	0.950000	1.820000	0.870000	0.950000	2.020000	1.090000	0.930000	1.780000	1.860000	1.360000	1.048000
3.640000	3.960000	1.870000	0.920000	0.950000	1.970000	0.970000	1.000000	1.970000	0.920000	1.050000	1.790000	0.830000	0.960000	1.880000	1.680000	1.440000	0.919192
3.950000	3.760000	1.890000	1.070000	0.820000	2.070000	1.130000	0.940000	1.800000	0.780000	1.020000	1.950000	0.970000	0.980000	1.980000	1.850000	1.170000	1.050532
4.020000	3.700000	1.750000	0.900000	0.850000	1.810000	0.930000	0.880000	2.230000	1.160000	1.070000	1.930000	1.030000	0.900000	1.840000	1.850000	1.310000	1.086486
3.800000	3.980000	1.940000	0.900000	1.040000	2.060000	1.040000	1.020000	1.840000	0.860000	0.980000	1.940000	1.000000	0.940000	1.890000	1.790000	1.320000	0.954774
3.600000	4.030000	2.010000	0.800000	1.210000	2.080000	0.960000	1.120000	1.630000	0.810000	0.820000	1.910000	1.030000	0.880000	1.850000	1.740000	1.410000	0.893300
3.870000	3.810000	1.770000	0.880000	0.890000	2.120000	1.110000	1.010000	1.890000	0.950000	0.940000	1.900000	0.930000	0.970000	2.040000	1.730000	1.230000	1.015748
3.860000	3.760000	1.890000	1.000000	0.890000	1.870000	0.940000	0.930000	1.770000	0.880000	0.890000	2.090000	1.040000	1.050000	1.760000	1.890000	1.350000	1.026596
3.960000	3.690000	1.890000	0.980000	0.910000	1.910000	1.030000	0.880000	1.930000	0.940000	0.990000	1.920000	1.010000	0.910000	1.770000	1.850000	1.380000	1.073171
3.690000	4.010000	1.870000	0.840000	1.030000	1.960000	0.990000	0.970000	1.810000	0.830000	0.980000	2.060000	1.030000	1.030000	1.820000	1.680000	1.500000	0.920200
3.540000	3.980000	1.910000	0.910000	1.000000	1.910000	0.860000	1.050000	1.740000	0.750000	0.990000	1.960000	1.020000	0.940000	2.000000	1.850000	1.150000	0.889447
3.760000	3.960000	1.950000	0.920000	1.030000	2.040000	1.030000	1.010000	2.060000	0.940000	1.120000	1.670000	0.870000	0.800000	1.840000	1.750000	1.410000	0.949495
3.500000	4.150000	2.090000	0.970000	1.120000	1.830000	0.840000	0.990000	1.960000	0.910000	1.050000	1.770000	0.780000	0.990000	1.920000	1.470000	1.610000	0.843373
3.900000	3.850000	1.910000	0.960000	0.950000	1.860000	0.840000	1.020000	2.080000	1.060000	1.020000	1.900000	1.040000	0.860000	2.000000	1.700000	1.300000	1.012987
3.870000	3.830000	1.920000	0.910000	1.010000	2.020000	1.000000	1.020000	1.810000	0.930000	0.880000	1.950000	1.030000	0.920000	1.920000	1.730000	1.350000	1.010444
3.780000	3.870000	1.750000	0.890000	0.860000	1.890000	0.850000	1.040000	2.040000	1.110000	0.930000	1.970000	0.930000	1.040000	1.800000	1.740000	1.460000	0.976744
3.680000	4.010000	1.770000	0.840000	0.930000	2.130000	0.990000	1.140000	1.840000	0.890000	0.950000	1.950000	0.960000	0.990000	1.900000	1.680000	1.420000	0.917706
3.900000	3.730000	1.900000	0.940000	0.960000	2.030000	0.880000	1.150000	1.890000	1.130000	0.760000	1.810000	0.950000	0.860000	1.810000	1.820000	1.370000	1.045576
3.670000	3.940000	1.980000	0.980000	1.000000	2.000000	0.940000	1.060000	1.750000	0.870000	0.880000	1.880000	0.880000	1.000000	1.920000	1.730000	1.350000	0.931472
3.520000	4.160000	1.850000	0.880000	0.970000	1.890000	0.800000	1.090000	1.940000	0.920000	1.020000	2.000000	0.920000	1.080000	1.870000	1.810000	1.320000	0.846154
3.700000	3.920000	1.710000	0.920000	0.790000	1.850000	0.790000	1.060000	1.900000	0.930000	0.970000	2.160000	1.060000	1.100000	1.810000	1.870000	1.320000	0.943878
3.450000	4.200000	2.160000	0.970000	1.190000	1.900000	0.880000	1.020000	1.980000	0.930000	1.050000	1.610000	0.670000	0.940000	2.020000	1.750000	1.230000	0.821429
3.950000	3.800000	1.920000	0.910000	1.010000	1.960000	0.890000	1.070000	1.800000	1.020000	0.780000	2.070000	1.130000	0.940000	1.890000	1.650000	1.460000	1.039474
3.720000	3.820000	1.920000	1.000000	0.920000	1.830000	0.860000	0.970000	1.900000	1.030000	0.870000	1.890000	0.830000	1.060000	2.070000	1.730000	1.200000	0.973822
3.560000	4.090000	2.050000	0.990000	1.060000	1.920000	0.940000	0.980000	1.720000	0.720000	1.000000	1.960000	0.910000	1.050000	1.760000	1.830000	1.410000	0.870416
3.810000	3.800000	2.000000	1.000000	1.000000	1.790000	0.860000	0.930000	1.950000	1.000000	0.950000	1.870000	0.950000	0.920000	1.730000	1.860000	1.410000	1.002632
3.950000	3.670000	1.770000	0.860000	0.910000	1.900000	1.060000	0.840000	1.930000	0.970000	0.960000	2.020000	1.060000	0.960000	2.030000	1.650000	1.320000	1.076294
4.080000	3.630000	1.870000	1.020000	0.850000	1.890000	1.060000	0.830000	1.730000	0.820000	0.910000	2.220000	1.180000	1.040000	1.780000	1.830000	1.390000	1.123967
4.050000	3.610000	1.940000	1.000000	0.940000	1.900000	1.060000	0.840000	1.720000	0.900000	0.820000	2.100000	1.090000	1.010000	1.990000	1.830000	1.180000	1.121884
3.880000	3.730000	1.970000	1.000000	0.970000	1.820000	1.000000	0.820000	1.970000	0.940000	1.030000	1.850000	0.940000	0.910000	1.710000	1.770000	1.520000	1.040214
3.940000	3.840000	2.040000	1.020000	1.020000	1.810000	0.950000	0.860000	2.090000	1.060000	1.030000	1.840000	0.910000	0.930000	1.960000	1.790000	1.250000	1.026042
4.040000	3.730000	1.980000	1.050000	0.930000	1.970000	0.990000	0.980000	2.000000	1.090000	0.910000	1.820000	0.910000	0.910000	1.810000	1.790000	1.400000	1.083110
3.980000	3.730000	1.940000	1.040000	0.900000	1.870000	0.930000	0.940000	1.660000	0.850000	0.810000	2.240000	1.160000	1.080000	2.040000	1.660000	1.300000	1.067024
3.880000	3.770000	1.980000	1.030000	0.950000	1.710000	0.800000	0.910000	1.970000	0.910000	1.060000	1.990000	1.140000	0.850000	1.950000	1.810000	1.240000	1.029178
3.850000	3.810000	1.910000	1.080000	0.830000	2.230000	1.070000	1.160000	1.860000	0.820000	1.040000	1.660000	0.880000	0.780000	1.960000	1.680000	1.360000	1.010499
4.010000	3.620000	1.740000	0.880000	0.860000	2.030000	1.040000	0.990000	1.960000	0.970000	0.990000	1.900000	1.120000	0.780000	2.080000	1.700000	1.220000	1.107735
3.890000	3.820000	1.940000	0.940000	1.000000	2.080000	1.080000	1.000000	1.760000	0.920000	0.840000	1.930000	0.950000	0.980000	1.880000	1.950000	1.170000	1.018325
3.680000	3.950000	1.730000	0.790000	0.940000	2.010000	0.950000	1.060000	2.010000	1.070000	0.940000	1.880000	0.870000	1.010000	1.690000	1.930000	1.380000	0.931646
3.890000	3.870000	1.930000	1.050000	0.880000	1.860000	0.880000	0.980000	1.920000	0.970000	0.950000	2.050000	0.990000	1.060000	1.790000	1.840000	1.370000	1.005168
3.800000	3.990000	2.080000	1.040000	1.040000	1.880000	0.890000	0.990000	1.860000	0.870000	0.990000	1.970000	1.000000	0.970000	1.740000	1.930000	1.330000	0.952381
4.020000	3.690000	1.940000	0.970000	0.970000	2.010000	1.120000	0.890000	1.910000	0.920000	0.990000	1.850000	1.010000	0.840000	1.880000	1.720000	1.400000	1.089431
4.020000	3.670000	1.640000	0.850000	0.790000	1.970000	1.090000	0.880000	2.030000	1.020000	1.010000	2.050000	1.060000	0.990000	1.760000	1.820000	1.420000	1.095368
3.960000	3.760000	1.990000	0.920000	1.070000	1.950000	0.990000	0.960000	1.960000	1.070000	0.890000	1.820000	0.980000	0.840000	1.730000	1.870000	1.400000	1.053191
3.830000	3.890000	1.970000	0.990000	0.980000	1.750000	0.840000	0.910000	2.110000	0.880000	1.230000	1.890000	1.120000	0.770000	2.000000	1.830000	1.170000	0.984576
3.630000	4.040000	1.960000	0.930000	1.030000	2.050000	0.930000	1.120000	1.940000	0.880000	1.060000	1.720000	0.890000	0.830000	1.840000	1.770000	1.390000	0.898515
3.950000	3.700000	1.860000	0.970000	0.890000	1.780000	0.940000	0.840000	1.930000	1.020000	0.910000	2.080000	1.020000	1.060000	1.950000	1.810000	1.240000	1.067568
3.550000	4.100000	2.050000	0.940000	1.110000	1.800000	0.880000	0.920000	1.880000	0.960000	0.920000	1.920000	0.770000	1.150000	1.760000	1.810000	1.430000	0.865854
3.700000	4.050000	1.870000	0.890000	0.980000	1.940000	0.960000	0.980000	2.030000	0.960000	1.070000	1.910000	0.890000	1.020000	1.810000	1.940000	1.250000	0.913580
3.800000	3.950000	1.990000	1.000000	0.990000	1.730000	0.890000	0.840000	2.120000	0.940000	1.180000	1.910000	0.970000	0.940000	1.710000	1.850000	1.440000	0.962025
3.820000	3.890000	1.890000	0.990000	0.900000	1.890000	0.890000	1.000000	1.830000	0.860000	0.970000	2.100000	1.080000	1.020000	1.870000	1.840000	1.290000	0.982005
3.660000	4.070000	1.880000	0.940000	0.940000	1.980000	0.850000	1.130000	1.900000	0.920000	0.980000	1.970000	0.950000	1.020000	1.820000	1.660000	1.520000	0.899263
3.890000	3.770000	1.750000	0.940000	0.810000	1.970000	0.940000	1.030000	1.890000	1.030000	0.860000	2.050000	0.980000	1.070000	1.840000	1.770000	1.390000	1.031830
3.690000	4.040000	2.060000	1.020000	1.040000	1.820000	0.920000	0.900000	1.900000	0.910000	0.990000	1.950000	0.840000	1.110000	1.830000	1.820000	1.350000	0.913366
3.870000	3.880000	1.740000	0.870000	0.870000	1.840000	0.910000	0.930000	2.070000	1.170000	0.900000	2.100000	0.920000	1.180000	1.810000	1.790000	1.400000	0.997423
3.700000	3.880000	1.900000	0.860000	1.040000	1.790000	0.800000	0.990000	2.010000	1.070000	0.940000	1.880000	0.970000	0.910000	2.030000	1.790000	1.180000	0.953608
