SWD		SHLD		FIR		FSW		FSH		ICE		ISW		ISH		WND		WSW		WSH		ETH		ESW		ESH		ATK		DEF		MRP		Sword/Shield
4.040000	3.960000	2.000000	1.050000	0.950000	2.320000	1.150000	1.170000	1.830000	0.920000	0.910000	1.850000	0.920000	0.930000	1.760000	1.610000	1.630000	1.020202
2.680000	2.350000	1.190000	0.690000	0.500000	1.310000	0.700000	0.610000	1.260000	0.660000	0.600000	1.270000	0.630000	0.640000	1.910000	1.740000	1.350000	1.140426
2.740000	2.880000	1.510000	0.790000	0.720000	1.530000	0.780000	0.750000	1.260000	0.610000	0.650000	1.320000	0.560000	0.760000	1.970000	1.610000	1.420000	0.951389
2.870000	2.860000	1.370000	0.670000	0.700000	1.280000	0.660000	0.620000	1.700000	0.880000	0.820000	1.380000	0.660000	0.720000	2.070000	1.700000	1.230000	1.003497
3.340000	3.140000	1.600000	0.820000	0.780000	1.590000	0.760000	0.830000	1.570000	0.860000	0.710000	1.720000	0.900000	0.820000	1.800000	1.760000	1.440000	1.063694
3.490000	3.300000	1.720000	0.940000	0.780000	1.500000	0.900000	0.600000	1.760000	0.800000	0.960000	1.810000	0.850000	0.960000	1.690000	1.920000	1.390000	1.057576
3.540000	3.370000	1.710000	0.760000	0.950000	1.630000	0.910000	0.720000	1.780000	0.940000	0.840000	1.790000	0.930000	0.860000	1.840000	1.680000	1.480000	1.050445
3.350000	3.570000	1.570000	0.720000	0.850000	1.760000	0.850000	0.910000	1.830000	0.810000	1.020000	1.760000	0.970000	0.790000	2.290000	1.420000	1.290000	0.938375
3.470000	3.640000	1.700000	0.830000	0.870000	1.650000	0.850000	0.800000	1.830000	0.820000	1.010000	1.930000	0.970000	0.960000	1.950000	1.740000	1.310000	0.953297
3.560000	3.910000	2.060000	0.980000	1.080000	1.740000	0.830000	0.910000	1.880000	0.880000	1.000000	1.790000	0.870000	0.920000	1.770000	1.970000	1.260000	0.910486
3.720000	3.650000	1.760000	0.790000	0.970000	1.950000	0.970000	0.980000	1.780000	0.960000	0.820000	1.880000	1.000000	0.880000	1.900000	1.920000	1.180000	1.019178
3.480000	3.980000	2.000000	0.900000	1.100000	1.720000	0.780000	0.940000	1.720000	0.910000	0.810000	2.020000	0.890000	1.130000	1.920000	1.750000	1.330000	0.874372
3.800000	3.790000	1.920000	0.940000	0.980000	1.980000	0.920000	1.060000	1.900000	1.030000	0.870000	1.790000	0.910000	0.880000	1.840000	1.820000	1.340000	1.002639
3.900000	3.750000	1.850000	0.890000	0.960000	1.980000	0.930000	1.050000	1.800000	1.010000	0.790000	2.020000	1.070000	0.950000	1.900000	1.720000	1.380000	1.040000
3.780000	3.830000	1.840000	0.920000	0.920000	1.950000	0.900000	1.050000	2.020000	1.080000	0.940000	1.800000	0.880000	0.920000	1.870000	1.900000	1.230000	0.986945
3.730000	3.790000	1.800000	0.970000	0.830000	1.740000	0.770000	0.970000	2.030000	1.010000	1.020000	1.950000	0.980000	0.970000	2.060000	1.710000	1.230000	0.984169
3.630000	4.050000	2.000000	0.950000	1.050000	1.710000	0.770000	0.940000	1.900000	0.720000	1.180000	2.070000	1.190000	0.880000	2.140000	1.510000	1.350000	0.896296
3.650000	4.050000	1.980000	0.960000	1.020000	1.930000	0.880000	1.050000	1.760000	0.800000	0.960000	2.030000	1.010000	1.020000	1.790000	1.790000	1.420000	0.901235
3.930000	3.740000	1.670000	0.880000	0.790000	2.000000	0.980000	1.020000	2.030000	1.010000	1.020000	1.970000	1.060000	0.910000	1.830000	1.810000	1.360000	1.050802
4.110000	3.580000	2.030000	1.050000	0.980000	1.820000	0.960000	0.860000	2.080000	1.100000	0.980000	1.760000	1.000000	0.760000	2.030000	1.730000	1.240000	1.148045
3.740000	3.940000	1.780000	0.850000	0.930000	1.950000	0.900000	1.050000	2.010000	0.910000	1.100000	1.940000	1.080000	0.860000	1.920000	1.750000	1.330000	0.949239
3.820000	3.880000	1.900000	0.960000	0.940000	1.900000	0.850000	1.050000	1.990000	0.980000	1.010000	1.910000	1.030000	0.880000	1.930000	1.880000	1.190000	0.984536
3.810000	3.750000	1.970000	1.050000	0.920000	1.830000	0.920000	0.910000	1.830000	0.820000	1.010000	1.930000	1.020000	0.910000	1.930000	1.600000	1.470000	1.016000
3.650000	3.930000	1.670000	0.700000	0.970000	2.010000	1.040000	0.970000	1.840000	0.750000	1.090000	2.060000	1.160000	0.900000	1.710000	1.810000	1.480000	0.928753
3.840000	3.880000	1.900000	0.960000	0.940000	2.100000	0.990000	1.110000	1.790000	0.810000	0.980000	1.930000	1.080000	0.850000	1.830000	1.950000	1.220000	0.989691
4.020000	3.650000	1.850000	0.900000	0.950000	2.080000	1.130000	0.950000	1.810000	0.930000	0.880000	1.930000	1.060000	0.870000	1.940000	1.790000	1.270000	1.101370
3.730000	3.940000	1.680000	0.700000	0.980000	2.060000	1.080000	0.980000	2.030000	1.010000	1.020000	1.900000	0.940000	0.960000	2.030000	1.740000	1.230000	0.946701
3.830000	3.920000	1.900000	1.040000	0.860000	2.120000	1.000000	1.120000	1.780000	0.870000	0.910000	1.950000	0.920000	1.030000	1.880000	2.020000	1.100000	0.977041
3.970000	3.880000	1.660000	0.880000	0.780000	2.100000	1.080000	1.020000	2.090000	0.980000	1.110000	2.000000	1.030000	0.970000	1.910000	1.860000	1.230000	1.023196
3.840000	3.890000	1.850000	0.880000	0.970000	1.960000	0.880000	1.080000	1.880000	0.920000	0.960000	2.040000	1.160000	0.880000	1.950000	1.770000	1.280000	0.987147
3.610000	4.080000	1.810000	0.890000	0.920000	2.060000	0.960000	1.100000	1.830000	0.870000	0.960000	1.990000	0.890000	1.100000	1.970000	1.770000	1.260000	0.884804
3.710000	4.140000	2.020000	1.040000	0.980000	1.960000	0.950000	1.010000	1.970000	0.870000	1.100000	1.900000	0.850000	1.050000	1.820000	1.800000	1.380000	0.896135
3.700000	3.870000	1.760000	0.880000	0.880000	1.890000	0.910000	0.980000	2.080000	1.030000	1.050000	1.840000	0.880000	0.960000	2.030000	1.680000	1.290000	0.956072
3.770000	3.930000	1.790000	0.970000	0.820000	1.950000	0.880000	1.070000	1.890000	0.820000	1.070000	2.070000	1.100000	0.970000	1.850000	1.720000	1.430000	0.959288
3.960000	3.770000	2.180000	1.030000	1.150000	1.740000	0.910000	0.830000	1.970000	1.060000	0.910000	1.840000	0.960000	0.880000	1.930000	1.810000	1.260000	1.050398
4.130000	3.660000	1.860000	0.990000	0.870000	1.880000	1.010000	0.870000	1.980000	1.040000	0.940000	2.070000	1.090000	0.980000	1.890000	1.910000	1.200000	1.128415
3.850000	3.980000	1.960000	0.960000	1.000000	1.970000	1.030000	0.940000	1.820000	0.840000	0.980000	2.080000	1.020000	1.060000	1.850000	1.690000	1.460000	0.967337
3.840000	3.940000	2.030000	0.970000	1.060000	1.820000	0.850000	0.970000	1.770000	0.970000	0.800000	2.160000	1.050000	1.110000	1.840000	1.740000	1.420000	0.974619
3.800000	3.850000	2.020000	1.000000	1.020000	1.860000	0.900000	0.960000	1.940000	0.980000	0.960000	1.830000	0.920000	0.910000	1.820000	1.840000	1.340000	0.987013
4.070000	3.590000	1.890000	1.020000	0.870000	1.960000	0.990000	0.970000	1.830000	0.980000	0.850000	1.980000	1.080000	0.900000	1.990000	1.540000	1.470000	1.133705
3.800000	3.970000	1.980000	1.040000	0.940000	1.920000	0.940000	0.980000	1.850000	0.810000	1.040000	2.020000	1.010000	1.010000	1.580000	1.870000	1.550000	0.957179
3.760000	3.880000	1.790000	0.860000	0.930000	1.960000	0.870000	1.090000	1.900000	0.980000	0.920000	1.990000	1.050000	0.940000	1.870000	1.840000	1.290000	0.969072
3.770000	3.800000	2.010000	1.080000	0.930000	1.770000	0.830000	0.940000	1.700000	0.750000	0.950000	2.090000	1.110000	0.980000	1.840000	1.750000	1.410000	0.992105
3.540000	4.060000	1.860000	0.980000	0.880000	1.740000	0.800000	0.940000	1.910000	0.770000	1.140000	2.090000	0.990000	1.100000	1.930000	1.820000	1.250000	0.871921
3.900000	3.770000	1.930000	0.930000	1.000000	1.840000	1.000000	0.840000	1.820000	0.930000	0.890000	2.080000	1.040000	1.040000	1.950000	1.780000	1.270000	1.034483
3.760000	3.910000	1.920000	0.870000	1.050000	1.960000	0.950000	1.010000	1.870000	0.920000	0.950000	1.920000	1.020000	0.900000	2.080000	1.690000	1.230000	0.961637
4.050000	3.660000	1.970000	1.020000	0.950000	2.020000	1.120000	0.900000	1.830000	0.890000	0.940000	1.890000	1.020000	0.870000	1.790000	1.730000	1.480000	1.106557
3.830000	3.790000	1.770000	0.870000	0.900000	2.010000	1.010000	1.000000	1.860000	0.930000	0.930000	1.980000	1.020000	0.960000	1.990000	1.500000	1.510000	1.010554
3.850000	3.690000	1.900000	1.040000	0.860000	1.870000	0.990000	0.880000	1.960000	0.970000	0.990000	1.810000	0.850000	0.960000	1.970000	1.700000	1.330000	1.043360
3.850000	3.770000	1.910000	1.000000	0.910000	1.920000	0.950000	0.970000	1.900000	0.870000	1.030000	1.890000	1.030000	0.860000	1.900000	1.770000	1.330000	1.021220
4.000000	3.690000	1.750000	0.970000	0.780000	1.990000	1.040000	0.950000	1.980000	0.970000	1.010000	1.970000	1.020000	0.950000	2.000000	1.660000	1.340000	1.084011
3.760000	3.820000	1.690000	0.840000	0.850000	1.910000	0.960000	0.950000	1.990000	0.990000	1.000000	1.990000	0.970000	1.020000	1.900000	1.900000	1.200000	0.984293
3.900000	3.820000	1.810000	0.940000	0.870000	2.030000	0.970000	1.060000	1.950000	1.000000	0.950000	1.930000	0.990000	0.940000	1.750000	2.020000	1.230000	1.020942
3.680000	3.960000	2.120000	0.980000	1.140000	1.820000	0.820000	1.000000	1.720000	0.840000	0.880000	1.980000	1.040000	0.940000	1.780000	1.880000	1.340000	0.929293
3.820000	3.920000	2.070000	1.050000	1.020000	1.900000	0.900000	1.000000	2.050000	0.970000	1.080000	1.720000	0.900000	0.820000	1.830000	1.780000	1.390000	0.974490
3.840000	3.900000	1.950000	0.910000	1.040000	1.690000	0.800000	0.890000	2.030000	1.150000	0.880000	2.070000	0.980000	1.090000	1.790000	1.950000	1.260000	0.984615
3.520000	4.100000	1.890000	0.880000	1.010000	1.730000	0.870000	0.860000	2.020000	0.910000	1.110000	1.980000	0.860000	1.120000	1.860000	1.790000	1.350000	0.858537
3.780000	3.890000	2.210000	1.110000	1.100000	1.890000	0.860000	1.030000	1.790000	0.940000	0.850000	1.780000	0.870000	0.910000	1.870000	1.910000	1.220000	0.971722
3.780000	3.880000	1.880000	0.930000	0.950000	2.030000	1.060000	0.970000	1.860000	0.820000	1.040000	1.890000	0.970000	0.920000	1.920000	1.800000	1.280000	0.974227
3.910000	3.860000	2.260000	1.250000	1.010000	1.950000	1.000000	0.950000	1.800000	0.800000	1.000000	1.760000	0.860000	0.900000	1.820000	1.860000	1.320000	1.012953
3.700000	3.960000	2.080000	0.980000	1.100000	1.780000	0.770000	1.010000	1.920000	1.020000	0.900000	1.880000	0.930000	0.950000	1.770000	1.960000	1.270000	0.934343
3.760000	3.920000	2.060000	0.950000	1.110000	1.760000	0.850000	0.910000	2.110000	1.210000	0.900000	1.750000	0.750000	1.000000	1.790000	1.830000	1.380000	0.959184
3.860000	3.780000	1.950000	1.020000	0.930000	1.890000	0.940000	0.950000	1.960000	0.990000	0.970000	1.840000	0.910000	0.930000	1.790000	2.010000	1.200000	1.021164
3.840000	3.930000	1.880000	0.930000	0.950000	2.010000	1.060000	0.950000	1.930000	0.960000	0.970000	1.950000	0.890000	1.060000	1.790000	1.870000	1.340000	0.977099
3.880000	3.910000	1.960000	0.990000	0.970000	2.090000	1.110000	0.980000	1.920000	1.040000	0.880000	1.820000	0.740000	1.080000	1.870000	1.770000	1.360000	0.992327
3.830000	3.820000	1.630000	0.690000	0.940000	2.230000	1.190000	1.040000	1.800000	0.990000	0.810000	1.990000	0.960000	1.030000	2.030000	1.630000	1.340000	1.002618
3.860000	3.920000	2.040000	0.950000	1.090000	1.820000	0.980000	0.840000	2.040000	1.030000	1.010000	1.880000	0.900000	0.980000	1.880000	1.740000	1.380000	0.984694
3.770000	3.980000	2.070000	0.960000	1.110000	1.780000	0.840000	0.940000	1.820000	0.950000	0.870000	2.080000	1.020000	1.060000	1.740000	1.790000	1.470000	0.947236
3.910000	3.770000	1.860000	0.930000	0.930000	1.840000	0.990000	0.850000	1.970000	0.980000	0.990000	2.010000	1.010000	1.000000	1.790000	1.840000	1.370000	1.037135
4.020000	3.790000	1.740000	0.880000	0.860000	2.050000	1.010000	1.040000	1.990000	1.110000	0.880000	2.030000	1.020000	1.010000	1.990000	1.700000	1.310000	1.060686
3.830000	3.880000	1.770000	0.820000	0.950000	1.960000	0.960000	1.000000	1.990000	1.020000	0.970000	1.990000	1.030000	0.960000	1.790000	1.820000	1.390000	0.987113
3.790000	3.780000	1.860000	0.910000	0.950000	1.820000	0.900000	0.920000	1.940000	1.010000	0.930000	1.950000	0.970000	0.980000	1.690000	1.880000	1.430000	1.002646
3.770000	3.730000	1.790000	0.910000	0.880000	1.990000	1.040000	0.950000	1.970000	0.910000	1.060000	1.750000	0.910000	0.840000	1.890000	1.600000	1.510000	1.010724
3.770000	3.700000	1.640000	0.710000	0.930000	2.280000	1.180000	1.100000	1.700000	0.980000	0.720000	1.850000	0.900000	0.950000	2.040000	1.750000	1.210000	1.018919
3.850000	3.880000	1.900000	0.940000	0.960000	1.790000	0.900000	0.890000	1.940000	1.050000	0.890000	2.100000	0.960000	1.140000	2.010000	1.760000	1.230000	0.992268
3.780000	3.920000	2.050000	1.010000	1.040000	1.820000	0.960000	0.860000	1.810000	0.910000	0.900000	2.020000	0.900000	1.120000	2.020000	1.640000	1.340000	0.964286
3.920000	3.760000	2.000000	0.910000	1.090000	2.060000	1.080000	0.980000	1.830000	1.050000	0.780000	1.790000	0.880000	0.910000	1.800000	2.010000	1.190000	1.042553
4.040000	3.720000	2.190000	1.170000	1.020000	1.880000	0.810000	1.070000	1.900000	1.090000	0.810000	1.790000	0.970000	0.820000	1.870000	1.780000	1.350000	1.086022
3.840000	3.840000	2.100000	1.190000	0.910000	2.010000	0.990000	1.020000	1.900000	0.900000	1.000000	1.670000	0.760000	0.910000	2.030000	1.720000	1.250000	1.000000
3.760000	3.860000	1.930000	1.030000	0.900000	1.900000	0.830000	1.070000	1.820000	0.930000	0.890000	1.970000	0.970000	1.000000	2.130000	1.770000	1.100000	0.974093
3.790000	3.950000	2.040000	1.020000	1.020000	2.060000	1.050000	1.010000	1.780000	0.770000	1.010000	1.860000	0.950000	0.910000	1.970000	1.790000	1.240000	0.959494
3.640000	4.050000	2.030000	0.940000	1.090000	1.960000	0.940000	1.020000	1.880000	0.970000	0.910000	1.820000	0.790000	1.030000	1.790000	1.930000	1.280000	0.898765
3.900000	3.810000	2.230000	1.130000	1.100000	2.000000	1.100000	0.900000	1.870000	1.030000	0.840000	1.610000	0.640000	0.970000	2.020000	1.610000	1.370000	1.023622
4.150000	3.630000	2.100000	1.150000	0.950000	2.080000	1.160000	0.920000	1.880000	0.990000	0.890000	1.720000	0.850000	0.870000	1.820000	1.910000	1.270000	1.143251
3.600000	4.070000	2.240000	1.090000	1.150000	1.930000	0.930000	1.000000	1.670000	0.740000	0.930000	1.830000	0.840000	0.990000	1.850000	1.740000	1.410000	0.884521
3.940000	3.800000	2.100000	0.910000	1.190000	1.900000	1.030000	0.870000	1.900000	1.010000	0.890000	1.840000	0.990000	0.850000	2.000000	1.810000	1.190000	1.036842
3.830000	3.940000	2.200000	0.980000	1.220000	1.920000	0.990000	0.930000	1.770000	0.910000	0.860000	1.880000	0.950000	0.930000	1.880000	1.810000	1.310000	0.972081
4.020000	3.690000	1.910000	1.010000	0.900000	2.080000	1.130000	0.950000	1.820000	0.930000	0.890000	1.900000	0.950000	0.950000	1.830000	1.570000	1.600000	1.089431
3.580000	4.010000	1.990000	0.990000	1.000000	1.680000	0.700000	0.980000	1.920000	0.880000	1.040000	2.000000	1.010000	0.990000	1.700000	1.890000	1.410000	0.892768
3.490000	4.080000	1.900000	0.900000	1.000000	1.580000	0.700000	0.880000	1.860000	0.860000	1.000000	2.230000	1.030000	1.200000	1.820000	1.780000	1.400000	0.855392
3.730000	4.070000	1.780000	0.890000	0.890000	1.940000	0.930000	1.010000	1.920000	0.910000	1.010000	2.160000	1.000000	1.160000	1.840000	2.040000	1.120000	0.916462
3.710000	3.930000	2.050000	0.900000	1.150000	1.700000	0.870000	0.830000	2.120000	1.090000	1.030000	1.770000	0.850000	0.920000	1.980000	1.730000	1.290000	0.944020
4.080000	3.640000	1.990000	1.050000	0.940000	1.850000	1.050000	0.800000	1.950000	0.940000	1.010000	1.930000	1.040000	0.890000	1.930000	1.810000	1.260000	1.120879
3.790000	3.900000	1.880000	1.010000	0.870000	1.800000	0.850000	0.950000	1.940000	0.940000	1.000000	2.070000	0.990000	1.080000	1.910000	1.690000	1.400000	0.971795
3.860000	3.800000	1.860000	0.880000	0.980000	1.870000	1.040000	0.830000	1.990000	0.940000	1.050000	1.940000	1.000000	0.940000	2.110000	1.600000	1.290000	1.015789
4.080000	3.640000	2.120000	1.200000	0.920000	1.880000	1.040000	0.840000	1.820000	0.940000	0.880000	1.900000	0.900000	1.000000	1.840000	1.840000	1.320000	1.120879
3.960000	3.860000	2.050000	1.040000	1.010000	2.020000	1.130000	0.890000	1.670000	0.850000	0.820000	2.080000	0.940000	1.140000	1.930000	1.810000	1.260000	1.025907
3.930000	3.840000	1.820000	0.820000	1.000000	2.050000	1.050000	1.000000	1.970000	1.000000	0.970000	1.930000	1.060000	0.870000	1.840000	1.930000	1.230000	1.023438
3.730000	4.050000	1.970000	0.850000	1.120000	1.870000	0.950000	0.920000	2.010000	0.910000	1.100000	1.930000	1.020000	0.910000	2.020000	1.700000	1.280000	0.920988
3.940000	3.720000	1.860000	0.880000	0.980000	1.940000	0.940000	1.000000	1.860000	1.030000	0.830000	2.000000	1.090000	0.910000	1.980000	1.720000	1.300000	1.059140
