SWD		SHLD		FIR		FSW		FSH		ICE		ISW		ISH		WND		WSW		WSH		ETH		ESW		ESH		ATK		DEF		MRP		Sword/Shield
4.020000	3.980000	2.060000	1.060000	1.000000	2.050000	1.050000	1.000000	1.840000	0.920000	0.920000	2.050000	0.990000	1.060000	1.610000	1.990000	1.400000	1.010050
3.700000	3.540000	1.650000	0.890000	0.760000	1.760000	0.840000	0.920000	1.940000	0.970000	0.970000	1.890000	1.000000	0.890000	1.870000	2.030000	1.100000	1.045198
3.560000	3.770000	1.970000	0.940000	1.030000	1.690000	0.760000	0.930000	1.880000	0.920000	0.960000	1.790000	0.940000	0.850000	1.800000	1.840000	1.360000	0.944297
3.860000	3.630000	1.960000	0.910000	1.050000	1.810000	0.940000	0.870000	1.920000	0.990000	0.930000	1.800000	1.020000	0.780000	1.930000	1.720000	1.350000	1.063361
3.910000	3.760000	2.170000	1.110000	1.060000	2.000000	1.050000	0.950000	1.740000	0.880000	0.860000	1.760000	0.870000	0.890000	1.710000	1.930000	1.360000	1.039894
3.720000	3.840000	1.910000	1.010000	0.900000	1.870000	0.910000	0.960000	1.790000	0.890000	0.900000	1.990000	0.910000	1.080000	1.820000	1.900000	1.280000	0.968750
3.880000	3.750000	1.950000	0.930000	1.020000	1.720000	0.840000	0.880000	2.130000	1.240000	0.890000	1.830000	0.870000	0.960000	1.920000	1.610000	1.470000	1.034667
3.760000	3.800000	1.760000	0.880000	0.880000	1.940000	0.920000	1.020000	2.000000	1.050000	0.950000	1.860000	0.910000	0.950000	1.970000	1.680000	1.350000	0.989474
3.650000	3.970000	1.910000	0.910000	1.000000	1.870000	0.960000	0.910000	1.990000	0.960000	1.030000	1.850000	0.820000	1.030000	1.780000	1.890000	1.330000	0.919395
3.710000	3.960000	2.060000	0.970000	1.090000	1.830000	0.810000	1.020000	1.990000	1.020000	0.970000	1.790000	0.910000	0.880000	1.820000	1.790000	1.390000	0.936869
3.700000	4.040000	1.790000	0.750000	1.040000	1.990000	1.030000	0.960000	1.980000	0.970000	1.010000	1.980000	0.950000	1.030000	1.750000	1.850000	1.400000	0.915842
3.840000	3.840000	2.020000	0.970000	1.050000	1.790000	0.980000	0.810000	2.050000	0.950000	1.100000	1.820000	0.940000	0.880000	1.810000	1.830000	1.360000	1.000000
3.750000	3.910000	1.810000	0.960000	0.850000	1.920000	0.960000	0.960000	2.000000	0.920000	1.080000	1.930000	0.910000	1.020000	1.910000	1.690000	1.400000	0.959079
3.750000	3.810000	2.000000	1.130000	0.870000	1.920000	0.930000	0.990000	1.680000	0.720000	0.960000	1.960000	0.970000	0.990000	1.910000	1.780000	1.310000	0.984252
3.490000	4.080000	2.050000	0.930000	1.120000	1.910000	0.960000	0.950000	1.650000	0.760000	0.890000	1.960000	0.840000	1.120000	1.870000	1.760000	1.370000	0.855392
3.970000	3.690000	1.650000	0.910000	0.740000	2.080000	1.100000	0.980000	1.990000	1.050000	0.940000	1.940000	0.910000	1.030000	2.010000	1.600000	1.390000	1.075881
4.040000	3.800000	1.780000	0.970000	0.810000	2.050000	1.000000	1.050000	1.990000	1.090000	0.900000	2.020000	0.980000	1.040000	1.840000	1.720000	1.440000	1.063158
3.730000	3.960000	1.970000	0.840000	1.130000	1.870000	1.000000	0.870000	1.890000	0.930000	0.960000	1.960000	0.960000	1.000000	1.870000	1.660000	1.470000	0.941919
3.890000	3.850000	1.890000	0.940000	0.950000	2.020000	1.030000	0.990000	1.810000	0.940000	0.870000	2.020000	0.980000	1.040000	1.670000	1.850000	1.480000	1.010390
3.950000	3.860000	1.810000	0.900000	0.910000	2.020000	1.020000	1.000000	2.010000	0.960000	1.050000	1.970000	1.070000	0.900000	1.880000	1.670000	1.450000	1.023316
3.820000	3.820000	1.970000	0.970000	1.000000	1.920000	1.060000	0.860000	1.980000	0.920000	1.060000	1.770000	0.870000	0.900000	1.900000	1.860000	1.240000	1.000000
3.850000	3.900000	1.880000	0.930000	0.950000	1.810000	0.970000	0.840000	2.030000	0.990000	1.040000	2.030000	0.960000	1.070000	1.910000	1.790000	1.300000	0.987179
3.910000	3.660000	1.930000	1.030000	0.900000	1.750000	0.850000	0.900000	1.820000	1.030000	0.790000	2.070000	1.000000	1.070000	1.790000	1.830000	1.380000	1.068306
3.850000	3.860000	1.980000	0.990000	0.990000	1.890000	0.910000	0.980000	1.900000	1.030000	0.870000	1.940000	0.920000	1.020000	1.890000	1.980000	1.130000	0.997409
3.870000	3.800000	2.030000	0.910000	1.120000	1.730000	0.910000	0.820000	1.900000	0.970000	0.930000	2.010000	1.080000	0.930000	1.940000	1.820000	1.240000	1.018421
4.020000	3.830000	1.790000	0.900000	0.890000	2.190000	1.080000	1.110000	1.890000	1.030000	0.860000	1.980000	1.010000	0.970000	1.880000	1.840000	1.280000	1.049608
3.460000	4.230000	1.730000	0.790000	0.940000	1.900000	0.900000	1.000000	2.120000	0.880000	1.240000	1.940000	0.890000	1.050000	1.930000	1.800000	1.270000	0.817967
3.580000	4.160000	1.900000	0.880000	1.020000	1.880000	0.840000	1.040000	1.870000	0.860000	1.010000	2.090000	1.000000	1.090000	1.820000	1.880000	1.300000	0.860577
3.670000	4.100000	1.990000	0.970000	1.020000	1.970000	1.010000	0.960000	1.700000	0.720000	0.980000	2.110000	0.970000	1.140000	1.870000	1.870000	1.260000	0.895122
3.520000	4.070000	1.980000	0.990000	0.990000	1.860000	0.910000	0.950000	1.780000	0.740000	1.040000	1.970000	0.880000	1.090000	2.050000	1.640000	1.310000	0.864865
3.850000	3.810000	1.790000	0.920000	0.870000	2.090000	1.070000	1.020000	1.910000	0.990000	0.920000	1.870000	0.870000	1.000000	2.050000	1.630000	1.320000	1.010499
3.830000	3.720000	1.790000	1.060000	0.730000	1.930000	0.970000	0.960000	1.930000	0.890000	1.040000	1.900000	0.910000	0.990000	1.910000	1.820000	1.270000	1.029570
3.660000	4.080000	1.730000	0.930000	0.800000	1.850000	0.870000	0.980000	2.010000	0.830000	1.180000	2.150000	1.030000	1.120000	1.920000	1.680000	1.400000	0.897059
3.720000	3.830000	1.760000	0.820000	0.940000	1.910000	0.920000	0.990000	2.050000	1.030000	1.020000	1.830000	0.950000	0.880000	2.000000	1.720000	1.280000	0.971279
3.880000	3.760000	1.840000	0.900000	0.940000	1.760000	0.920000	0.840000	2.130000	1.130000	1.000000	1.910000	0.930000	0.980000	2.140000	1.780000	1.080000	1.031915
3.840000	3.850000	1.970000	1.000000	0.970000	1.760000	0.890000	0.870000	1.960000	0.950000	1.010000	2.000000	1.000000	1.000000	1.920000	1.830000	1.250000	0.997403
3.730000	3.930000	2.020000	1.000000	1.020000	1.880000	0.840000	1.040000	1.870000	0.970000	0.900000	1.890000	0.920000	0.970000	2.040000	1.560000	1.400000	0.949109
3.880000	3.740000	1.840000	0.810000	1.030000	1.650000	0.930000	0.720000	2.090000	1.070000	1.020000	2.040000	1.070000	0.970000	1.970000	1.720000	1.310000	1.037433
3.650000	4.040000	1.970000	0.980000	0.990000	1.750000	0.800000	0.950000	2.020000	0.940000	1.080000	1.950000	0.930000	1.020000	1.940000	1.680000	1.380000	0.903465
3.830000	3.780000	1.840000	0.840000	1.000000	1.720000	0.900000	0.820000	1.980000	0.990000	0.990000	2.070000	1.100000	0.970000	1.900000	1.750000	1.350000	1.013228
3.720000	3.970000	1.860000	0.800000	1.060000	1.920000	0.930000	0.990000	1.850000	0.890000	0.960000	2.060000	1.100000	0.960000	2.000000	1.800000	1.200000	0.937028
3.550000	4.000000	1.930000	0.880000	1.050000	1.940000	0.880000	1.060000	1.890000	0.930000	0.960000	1.790000	0.860000	0.930000	1.900000	1.750000	1.350000	0.887500
3.880000	3.850000	1.800000	0.880000	0.920000	2.070000	1.050000	1.020000	1.810000	0.980000	0.830000	2.050000	0.970000	1.080000	1.910000	1.680000	1.410000	1.007792
3.780000	3.910000	2.020000	0.940000	1.080000	1.820000	1.020000	0.800000	1.800000	0.880000	0.920000	2.050000	0.940000	1.110000	1.970000	1.660000	1.370000	0.966752
3.720000	3.930000	1.930000	1.000000	0.930000	1.840000	0.840000	1.000000	1.930000	0.890000	1.040000	1.950000	0.990000	0.960000	1.890000	1.770000	1.340000	0.946565
3.740000	4.000000	1.930000	0.960000	0.970000	1.840000	0.840000	1.000000	2.010000	0.970000	1.040000	1.960000	0.970000	0.990000	1.820000	1.850000	1.330000	0.935000
3.980000	3.720000	2.090000	1.100000	0.990000	1.970000	0.990000	0.980000	1.780000	0.990000	0.790000	1.860000	0.900000	0.960000	1.920000	1.840000	1.240000	1.069892
3.790000	3.940000	1.960000	0.930000	1.030000	1.830000	0.970000	0.860000	2.000000	1.010000	0.990000	1.940000	0.880000	1.060000	1.880000	1.800000	1.320000	0.961929
3.810000	3.910000	1.920000	0.970000	0.950000	1.750000	0.970000	0.780000	2.120000	1.020000	1.100000	1.930000	0.850000	1.080000	1.870000	1.850000	1.280000	0.974425
3.900000	3.710000	2.020000	1.090000	0.930000	2.030000	1.070000	0.960000	1.810000	0.830000	0.980000	1.750000	0.910000	0.840000	2.040000	1.640000	1.320000	1.051213
3.720000	3.990000	1.860000	0.870000	0.990000	1.800000	0.870000	0.930000	2.130000	1.030000	1.100000	1.920000	0.950000	0.970000	1.870000	1.790000	1.340000	0.932331
3.610000	4.130000	1.860000	0.870000	0.990000	1.800000	0.840000	0.960000	2.080000	0.990000	1.090000	2.000000	0.910000	1.090000	1.800000	1.820000	1.380000	0.874092
3.880000	3.800000	1.870000	0.960000	0.910000	1.970000	0.980000	0.990000	1.770000	0.900000	0.870000	2.070000	1.040000	1.030000	2.010000	1.700000	1.290000	1.021053
3.780000	4.040000	1.860000	0.920000	0.940000	2.110000	1.010000	1.100000	2.060000	0.970000	1.090000	1.790000	0.880000	0.910000	1.780000	1.890000	1.330000	0.935644
3.700000	3.970000	1.820000	0.820000	1.000000	1.850000	0.880000	0.970000	2.140000	1.120000	1.020000	1.860000	0.880000	0.980000	1.890000	1.840000	1.270000	0.931990
3.740000	3.860000	1.850000	0.960000	0.890000	1.950000	0.970000	0.980000	1.700000	0.800000	0.900000	2.100000	1.010000	1.090000	1.980000	1.840000	1.180000	0.968912
3.800000	3.950000	1.820000	0.980000	0.840000	2.270000	1.130000	1.140000	1.920000	0.890000	1.030000	1.740000	0.800000	0.940000	1.980000	1.730000	1.290000	0.962025
3.770000	3.880000	1.840000	0.910000	0.930000	2.130000	1.020000	1.110000	2.030000	0.960000	1.070000	1.650000	0.880000	0.770000	1.900000	1.790000	1.310000	0.971649
3.660000	4.030000	1.800000	0.870000	0.930000	1.960000	1.020000	0.940000	1.930000	0.840000	1.090000	2.000000	0.930000	1.070000	1.690000	1.930000	1.380000	0.908189
3.910000	3.740000	1.800000	0.920000	0.880000	1.950000	0.940000	1.010000	1.910000	1.010000	0.900000	1.990000	1.040000	0.950000	1.770000	1.820000	1.410000	1.045455
3.930000	3.600000	1.610000	0.820000	0.790000	2.200000	1.160000	1.040000	1.920000	0.940000	0.980000	1.800000	1.010000	0.790000	1.960000	1.770000	1.270000	1.091667
3.950000	3.810000	1.850000	0.960000	0.890000	1.870000	0.970000	0.900000	2.110000	1.020000	1.090000	1.930000	1.000000	0.930000	1.850000	1.980000	1.170000	1.036745
3.620000	4.140000	2.130000	0.980000	1.150000	1.870000	0.930000	0.940000	1.940000	0.850000	1.090000	1.820000	0.860000	0.960000	1.790000	1.770000	1.440000	0.874396
3.690000	3.980000	1.920000	0.890000	1.030000	1.880000	0.920000	0.960000	1.970000	0.860000	1.110000	1.900000	1.020000	0.880000	1.890000	1.780000	1.330000	0.927136
3.950000	3.880000	1.870000	0.890000	0.980000	2.060000	1.020000	1.040000	1.990000	1.030000	0.960000	1.910000	1.010000	0.900000	2.040000	1.860000	1.100000	1.018041
3.690000	3.880000	1.960000	0.880000	1.080000	1.770000	0.940000	0.830000	1.860000	0.880000	0.980000	1.980000	0.990000	0.990000	1.990000	1.710000	1.300000	0.951031
3.660000	4.040000	1.800000	0.910000	0.890000	1.860000	0.820000	1.040000	2.040000	0.910000	1.130000	2.000000	1.020000	0.980000	2.050000	1.710000	1.240000	0.905941
3.950000	3.740000	1.900000	0.990000	0.910000	2.040000	1.040000	1.000000	2.030000	1.050000	0.980000	1.720000	0.870000	0.850000	1.840000	1.940000	1.220000	1.056150
3.770000	3.820000	1.770000	0.940000	0.830000	2.030000	1.010000	1.020000	1.630000	0.750000	0.880000	2.160000	1.070000	1.090000	1.860000	1.880000	1.260000	0.986911
3.700000	4.080000	1.910000	0.940000	0.970000	1.970000	0.930000	1.040000	2.110000	0.910000	1.200000	1.790000	0.920000	0.870000	1.840000	1.940000	1.220000	0.906863
4.130000	3.620000	2.020000	1.130000	0.890000	1.850000	0.920000	0.930000	1.930000	1.060000	0.870000	1.950000	1.020000	0.930000	1.880000	1.720000	1.400000	1.140884
3.690000	4.000000	1.810000	0.860000	0.950000	2.020000	0.950000	1.070000	1.770000	0.920000	0.850000	2.090000	0.960000	1.130000	1.950000	1.760000	1.290000	0.922500
3.980000	3.690000	1.780000	0.900000	0.880000	1.890000	1.090000	0.800000	2.050000	1.040000	1.010000	1.950000	0.950000	1.000000	1.860000	1.830000	1.310000	1.078591
3.890000	3.880000	1.900000	0.940000	0.960000	2.030000	1.100000	0.930000	1.780000	0.890000	0.890000	2.060000	0.960000	1.100000	1.940000	1.700000	1.360000	1.002577
3.720000	3.800000	1.660000	0.790000	0.870000	1.930000	0.870000	1.060000	1.780000	0.880000	0.900000	2.150000	1.180000	0.970000	2.090000	1.620000	1.290000	0.978947
3.840000	3.910000	1.890000	1.010000	0.880000	2.020000	0.980000	1.040000	1.850000	0.930000	0.920000	1.990000	0.920000	1.070000	1.820000	1.770000	1.410000	0.982097
3.630000	4.100000	1.750000	0.810000	0.940000	1.930000	0.930000	1.000000	1.910000	0.870000	1.040000	2.140000	1.020000	1.120000	1.900000	1.850000	1.250000	0.885366
3.670000	4.110000	1.990000	0.890000	1.100000	1.830000	0.950000	0.880000	1.820000	0.780000	1.040000	2.140000	1.050000	1.090000	1.640000	1.940000	1.420000	0.892944
3.810000	3.840000	2.010000	0.920000	1.090000	1.860000	0.900000	0.960000	1.920000	1.070000	0.850000	1.860000	0.920000	0.940000	1.820000	2.000000	1.180000	0.992188
3.850000	3.720000	2.000000	1.000000	1.000000	1.910000	1.080000	0.830000	1.830000	0.860000	0.970000	1.830000	0.910000	0.920000	1.820000	1.720000	1.460000	1.034946
3.790000	3.950000	1.740000	0.780000	0.960000	1.970000	0.990000	0.980000	2.070000	1.100000	0.970000	1.960000	0.920000	1.040000	1.900000	1.840000	1.260000	0.959494
3.900000	3.880000	1.850000	0.950000	0.900000	1.820000	0.860000	0.960000	2.060000	1.080000	0.980000	2.050000	1.010000	1.040000	1.780000	1.970000	1.250000	1.005155
3.830000	3.940000	1.960000	0.980000	0.980000	1.940000	1.020000	0.920000	1.970000	0.990000	0.980000	1.900000	0.840000	1.060000	1.770000	1.800000	1.430000	0.972081
3.970000	3.830000	1.870000	0.990000	0.880000	2.070000	1.090000	0.980000	1.930000	0.930000	1.000000	1.930000	0.960000	0.970000	1.690000	1.890000	1.420000	1.036554
3.680000	4.060000	1.740000	0.850000	0.890000	1.830000	0.890000	0.940000	1.970000	0.880000	1.090000	2.200000	1.060000	1.140000	1.770000	1.810000	1.420000	0.906404
3.740000	4.010000	1.990000	0.920000	1.070000	1.960000	0.920000	1.040000	2.100000	1.030000	1.070000	1.700000	0.870000	0.830000	1.830000	1.850000	1.320000	0.932668
3.550000	4.080000	1.750000	0.730000	1.020000	1.890000	0.930000	0.960000	2.020000	0.890000	1.130000	1.970000	1.000000	0.970000	1.860000	1.870000	1.270000	0.870098
3.760000	3.900000	1.910000	0.900000	1.010000	1.810000	0.930000	0.880000	1.990000	1.040000	0.950000	1.950000	0.890000	1.060000	1.760000	1.810000	1.430000	0.964103
3.700000	4.010000	1.850000	0.920000	0.930000	2.030000	0.960000	1.070000	1.910000	0.910000	1.000000	1.920000	0.910000	1.010000	1.740000	1.840000	1.420000	0.922693
3.830000	3.870000	1.900000	0.830000	1.070000	2.050000	1.050000	1.000000	1.770000	0.870000	0.900000	1.980000	1.080000	0.900000	1.930000	1.740000	1.330000	0.989664
3.830000	3.950000	1.970000	1.010000	0.960000	1.880000	0.890000	0.990000	1.950000	0.980000	0.970000	1.980000	0.950000	1.030000	1.780000	1.710000	1.510000	0.969620
3.960000	3.760000	2.270000	1.260000	1.010000	1.680000	0.870000	0.810000	1.780000	0.910000	0.870000	1.990000	0.920000	1.070000	1.670000	2.000000	1.330000	1.053191
3.690000	3.940000	1.890000	0.870000	1.020000	2.010000	0.960000	1.050000	1.880000	0.880000	1.000000	1.850000	0.980000	0.870000	1.900000	1.830000	1.270000	0.936548
3.810000	3.760000	1.950000	1.070000	0.880000	2.100000	1.050000	1.050000	1.710000	0.820000	0.890000	1.810000	0.870000	0.940000	1.960000	1.750000	1.290000	1.013298
4.020000	3.680000	1.900000	0.960000	0.940000	2.130000	1.210000	0.920000	1.860000	0.920000	0.940000	1.810000	0.930000	0.880000	1.910000	1.710000	1.380000	1.092391
3.810000	3.790000	2.070000	1.010000	1.060000	1.910000	0.920000	0.990000	1.900000	0.990000	0.910000	1.720000	0.890000	0.830000	1.960000	1.670000	1.370000	1.005277
3.540000	3.960000	1.870000	0.840000	1.030000	1.970000	0.980000	0.990000	1.810000	0.910000	0.900000	1.850000	0.810000	1.040000	2.040000	1.910000	1.050000	0.893939
3.570000	4.200000	1.870000	0.830000	1.040000	2.010000	0.860000	1.150000	2.000000	0.980000	1.020000	1.890000	0.900000	0.990000	1.910000	1.670000	1.420000	0.850000
3.730000	3.950000	1.810000	0.810000	1.000000	1.940000	0.970000	0.970000	1.950000	0.930000	1.020000	1.980000	1.020000	0.960000	1.870000	1.900000	1.230000	0.944304
3.870000	3.820000	1.970000	0.970000	1.000000	2.050000	1.030000	1.020000	2.040000	1.110000	0.930000	1.630000	0.760000	0.870000	2.000000	1.760000	1.240000	1.013089
