SWD		SHLD		FIR		FSW		FSH		ICE		ISW		ISH		WND		WSW		WSH		ETH		ESW		ESH		ATK		DEF		MRP		Sword/Shield
3.860000	4.140000	1.950000	1.010000	0.940000	1.910000	0.920000	0.990000	2.250000	0.980000	1.270000	1.890000	0.950000	0.940000	1.670000	1.630000	1.700000	0.932367
3.630000	3.600000	1.720000	0.840000	0.880000	1.880000	0.910000	0.970000	2.090000	1.140000	0.950000	1.540000	0.740000	0.800000	1.910000	1.800000	1.290000	1.008333
3.390000	3.970000	1.880000	0.790000	1.090000	1.970000	0.980000	0.990000	1.830000	0.830000	1.000000	1.680000	0.790000	0.890000	1.920000	1.710000	1.370000	0.853904
3.690000	3.720000	1.910000	0.880000	1.030000	1.870000	1.040000	0.830000	1.630000	0.730000	0.900000	2.000000	1.040000	0.960000	1.830000	1.880000	1.290000	0.991935
3.710000	3.770000	1.870000	0.880000	0.990000	1.950000	1.010000	0.940000	1.920000	0.940000	0.980000	1.740000	0.880000	0.860000	1.950000	1.650000	1.400000	0.984085
3.630000	4.110000	1.790000	0.790000	1.000000	1.910000	0.920000	0.990000	2.050000	0.890000	1.160000	1.990000	1.030000	0.960000	1.970000	1.620000	1.410000	0.883212
3.960000	3.740000	1.950000	0.980000	0.970000	1.800000	0.930000	0.870000	1.970000	1.040000	0.930000	1.980000	1.010000	0.970000	2.050000	1.740000	1.210000	1.058824
3.890000	3.690000	1.960000	1.010000	0.950000	1.820000	0.940000	0.880000	1.930000	0.930000	1.000000	1.870000	1.010000	0.860000	1.970000	1.640000	1.390000	1.054201
4.090000	3.600000	2.160000	1.110000	1.050000	1.740000	0.880000	0.860000	2.000000	1.110000	0.890000	1.790000	0.990000	0.800000	1.960000	1.750000	1.290000	1.136111
3.650000	4.010000	1.800000	0.890000	0.910000	1.850000	0.920000	0.930000	1.960000	0.920000	1.040000	2.050000	0.920000	1.130000	1.740000	2.000000	1.260000	0.910224
3.780000	3.950000	1.770000	0.810000	0.960000	2.120000	1.080000	1.040000	2.020000	0.990000	1.030000	1.820000	0.900000	0.920000	2.010000	1.710000	1.280000	0.956962
3.570000	3.960000	1.810000	0.720000	1.090000	1.890000	0.870000	1.020000	1.870000	0.980000	0.890000	1.960000	1.000000	0.960000	1.790000	1.820000	1.390000	0.901515
3.690000	4.030000	2.040000	0.880000	1.160000	1.890000	0.830000	1.060000	1.870000	0.910000	0.960000	1.920000	1.070000	0.850000	1.940000	2.000000	1.060000	0.915633
3.710000	4.060000	1.970000	0.900000	1.070000	1.890000	0.860000	1.030000	2.110000	1.060000	1.050000	1.800000	0.890000	0.910000	1.750000	1.800000	1.450000	0.913793
3.520000	4.040000	1.800000	0.830000	0.970000	1.990000	0.900000	1.090000	2.050000	1.030000	1.020000	1.720000	0.760000	0.960000	1.840000	1.670000	1.490000	0.871287
3.690000	3.990000	1.780000	0.730000	1.050000	2.140000	1.160000	0.980000	1.770000	0.860000	0.910000	1.990000	0.940000	1.050000	1.840000	2.010000	1.150000	0.924812
3.700000	4.050000	2.010000	0.980000	1.030000	1.820000	0.800000	1.020000	1.850000	0.900000	0.950000	2.070000	1.020000	1.050000	1.980000	1.780000	1.240000	0.913580
4.040000	3.720000	1.890000	0.930000	0.960000	1.940000	1.130000	0.810000	1.660000	0.810000	0.850000	2.270000	1.170000	1.100000	2.100000	1.700000	1.200000	1.086022
4.070000	3.570000	1.910000	1.130000	0.780000	1.930000	0.990000	0.940000	2.020000	1.040000	0.980000	1.780000	0.910000	0.870000	1.890000	1.740000	1.370000	1.140056
3.510000	3.970000	1.930000	0.860000	1.070000	2.010000	0.940000	1.070000	1.870000	0.920000	0.950000	1.670000	0.790000	0.880000	1.920000	1.810000	1.270000	0.884131
3.810000	3.920000	1.880000	1.010000	0.870000	1.910000	0.820000	1.090000	2.100000	1.060000	1.040000	1.840000	0.920000	0.920000	1.680000	1.910000	1.410000	0.971939
4.010000	3.630000	1.930000	1.000000	0.930000	1.940000	1.040000	0.900000	1.900000	0.980000	0.920000	1.870000	0.990000	0.880000	1.890000	1.800000	1.310000	1.104683
3.860000	3.870000	2.000000	0.880000	1.120000	1.940000	0.990000	0.950000	1.920000	1.000000	0.920000	1.870000	0.990000	0.880000	1.690000	1.770000	1.540000	0.997416
3.840000	3.910000	2.080000	1.120000	0.960000	1.770000	0.880000	0.890000	2.100000	1.070000	1.030000	1.800000	0.770000	1.030000	1.780000	1.890000	1.330000	0.982097
3.550000	4.030000	2.050000	0.930000	1.120000	1.930000	0.920000	1.010000	1.770000	0.820000	0.950000	1.830000	0.880000	0.950000	1.770000	1.860000	1.370000	0.880893
3.940000	3.760000	2.080000	1.140000	0.940000	1.950000	0.900000	1.050000	1.670000	0.850000	0.820000	2.000000	1.050000	0.950000	2.030000	1.600000	1.370000	1.047872
3.810000	3.810000	1.970000	1.010000	0.960000	2.030000	1.000000	1.030000	1.610000	0.780000	0.830000	2.010000	1.020000	0.990000	1.920000	1.770000	1.310000	1.000000
3.580000	3.990000	1.770000	0.820000	0.950000	1.950000	0.920000	1.030000	1.870000	0.980000	0.890000	1.980000	0.860000	1.120000	1.780000	1.670000	1.550000	0.897243
4.040000	3.810000	1.910000	1.050000	0.860000	1.840000	0.910000	0.930000	1.920000	0.990000	0.930000	2.180000	1.090000	1.090000	1.780000	1.810000	1.410000	1.060367
4.000000	3.710000	1.870000	0.980000	0.890000	1.900000	1.050000	0.850000	2.000000	1.020000	0.980000	1.940000	0.950000	0.990000	1.970000	1.650000	1.380000	1.078167
3.760000	3.810000	1.840000	0.920000	0.920000	1.880000	1.010000	0.870000	1.970000	0.940000	1.030000	1.880000	0.890000	0.990000	1.930000	1.730000	1.340000	0.986877
3.790000	3.940000	1.850000	0.950000	0.900000	1.980000	1.000000	0.980000	1.840000	0.930000	0.910000	2.060000	0.910000	1.150000	1.980000	1.840000	1.180000	0.961929
3.820000	3.800000	1.950000	0.920000	1.030000	1.700000	0.890000	0.810000	2.230000	1.090000	1.140000	1.740000	0.920000	0.820000	1.970000	1.730000	1.300000	1.005263
4.020000	3.750000	1.860000	0.980000	0.880000	1.890000	1.040000	0.850000	2.100000	1.150000	0.950000	1.920000	0.850000	1.070000	1.890000	1.740000	1.370000	1.072000
3.850000	3.890000	2.050000	1.030000	1.020000	1.990000	0.950000	1.040000	1.780000	0.940000	0.840000	1.920000	0.930000	0.990000	1.840000	1.820000	1.340000	0.989717
3.800000	3.920000	1.810000	0.930000	0.880000	2.120000	1.040000	1.080000	1.850000	0.900000	0.950000	1.940000	0.930000	1.010000	2.040000	1.780000	1.180000	0.969388
3.970000	3.780000	1.830000	0.990000	0.840000	2.040000	1.080000	0.960000	2.160000	1.050000	1.110000	1.720000	0.850000	0.870000	1.730000	1.800000	1.470000	1.050265
3.980000	3.700000	1.990000	1.020000	0.970000	2.010000	1.000000	1.010000	1.780000	0.970000	0.810000	1.900000	0.990000	0.910000	1.850000	1.910000	1.240000	1.075676
3.920000	3.730000	1.810000	0.990000	0.820000	2.030000	1.060000	0.970000	1.900000	0.970000	0.930000	1.910000	0.900000	1.010000	1.710000	1.880000	1.410000	1.050938
3.900000	3.660000	1.750000	0.950000	0.800000	1.920000	0.960000	0.960000	2.010000	1.060000	0.950000	1.880000	0.930000	0.950000	1.960000	1.770000	1.270000	1.065574
4.050000	3.680000	1.790000	0.930000	0.860000	1.670000	0.890000	0.780000	2.120000	1.020000	1.100000	2.150000	1.210000	0.940000	1.830000	1.860000	1.310000	1.100543
3.890000	3.830000	1.700000	0.920000	0.780000	2.080000	0.960000	1.120000	2.160000	1.160000	1.000000	1.780000	0.850000	0.930000	1.900000	1.710000	1.390000	1.015666
3.870000	3.740000	1.840000	0.880000	0.960000	2.120000	0.970000	1.150000	1.900000	1.060000	0.840000	1.750000	0.960000	0.790000	1.900000	1.860000	1.240000	1.034759
3.870000	3.830000	1.910000	0.820000	1.090000	1.820000	0.960000	0.860000	2.090000	1.140000	0.950000	1.880000	0.950000	0.930000	2.030000	1.710000	1.260000	1.010444
3.790000	3.840000	2.100000	1.090000	1.010000	1.860000	0.830000	1.030000	1.780000	0.850000	0.930000	1.890000	1.020000	0.870000	1.780000	1.890000	1.330000	0.986979
3.960000	3.840000	2.040000	1.100000	0.940000	1.760000	0.890000	0.870000	2.160000	0.950000	1.210000	1.840000	1.020000	0.820000	1.740000	2.000000	1.260000	1.031250
3.810000	3.860000	2.140000	1.100000	1.040000	2.040000	0.950000	1.090000	1.870000	1.010000	0.860000	1.620000	0.750000	0.870000	1.790000	1.740000	1.470000	0.987047
3.820000	3.880000	2.070000	0.980000	1.090000	1.920000	0.910000	1.010000	1.890000	0.990000	0.900000	1.820000	0.940000	0.880000	1.850000	1.830000	1.320000	0.984536
3.880000	3.700000	1.810000	0.880000	0.930000	1.670000	0.900000	0.770000	2.030000	1.080000	0.950000	2.070000	1.020000	1.050000	2.030000	1.680000	1.290000	1.048649
3.940000	3.830000	1.820000	0.910000	0.910000	2.140000	1.080000	1.060000	2.010000	0.990000	1.020000	1.800000	0.960000	0.840000	1.860000	1.760000	1.380000	1.028721
3.810000	3.830000	2.070000	1.170000	0.900000	1.880000	0.880000	1.000000	1.710000	0.780000	0.930000	1.980000	0.980000	1.000000	1.860000	1.790000	1.350000	0.994778
3.580000	4.050000	1.700000	0.820000	0.880000	2.010000	0.950000	1.060000	1.990000	0.890000	1.100000	1.930000	0.920000	1.010000	1.850000	1.710000	1.440000	0.883951
3.780000	3.850000	1.850000	0.860000	0.990000	1.840000	0.960000	0.880000	2.110000	1.040000	1.070000	1.830000	0.920000	0.910000	1.870000	1.780000	1.350000	0.981818
3.620000	3.970000	1.820000	0.770000	1.050000	1.910000	0.990000	0.920000	1.940000	0.980000	0.960000	1.920000	0.880000	1.040000	1.970000	1.680000	1.350000	0.911839
3.780000	3.960000	1.850000	0.930000	0.920000	1.900000	0.830000	1.070000	1.950000	0.990000	0.960000	2.040000	1.030000	1.010000	1.900000	1.760000	1.340000	0.954545
3.820000	3.840000	2.130000	1.030000	1.100000	1.710000	0.960000	0.750000	1.740000	0.830000	0.910000	2.080000	1.000000	1.080000	1.920000	1.660000	1.420000	0.994792
3.840000	3.860000	1.910000	0.850000	1.060000	1.810000	0.910000	0.900000	2.100000	1.020000	1.080000	1.880000	1.060000	0.820000	1.740000	1.870000	1.390000	0.994819
3.820000	3.880000	1.770000	0.890000	0.880000	2.030000	1.030000	1.000000	2.040000	1.070000	0.970000	1.860000	0.830000	1.030000	1.820000	1.800000	1.380000	0.984536
3.780000	3.900000	2.030000	0.970000	1.060000	1.910000	0.910000	1.000000	1.890000	0.900000	0.990000	1.850000	1.000000	0.850000	1.910000	1.970000	1.120000	0.969231
4.000000	3.400000	1.640000	0.860000	0.780000	1.790000	1.000000	0.790000	1.950000	1.010000	0.940000	2.020000	1.130000	0.890000	1.920000	1.700000	1.380000	1.176471
3.870000	3.900000	1.760000	0.850000	0.910000	1.920000	0.970000	0.950000	1.970000	1.010000	0.960000	2.120000	1.040000	1.080000	1.940000	1.740000	1.320000	0.992308
3.770000	3.890000	1.780000	0.830000	0.950000	1.910000	0.900000	1.010000	1.960000	0.970000	0.990000	2.010000	1.070000	0.940000	1.690000	1.690000	1.620000	0.969152
3.710000	3.960000	1.940000	0.850000	1.090000	1.930000	1.000000	0.930000	2.050000	1.030000	1.020000	1.750000	0.830000	0.920000	1.750000	1.840000	1.410000	0.936869
4.190000	3.540000	1.910000	1.110000	0.800000	1.870000	0.930000	0.940000	1.830000	0.970000	0.860000	2.120000	1.180000	0.940000	1.740000	1.850000	1.410000	1.183616
3.780000	3.870000	2.140000	1.020000	1.120000	1.940000	1.000000	0.940000	1.750000	0.890000	0.860000	1.820000	0.870000	0.950000	2.070000	1.780000	1.150000	0.976744
4.020000	3.730000	1.830000	0.950000	0.880000	1.820000	0.940000	0.880000	1.960000	0.940000	1.020000	2.140000	1.190000	0.950000	1.980000	1.830000	1.190000	1.077748
4.020000	3.670000	1.840000	1.050000	0.790000	1.960000	0.980000	0.980000	1.950000	0.950000	1.000000	1.940000	1.040000	0.900000	1.910000	1.810000	1.280000	1.095368
3.910000	3.770000	2.070000	1.120000	0.950000	2.100000	1.050000	1.050000	1.740000	0.900000	0.840000	1.770000	0.840000	0.930000	1.760000	1.800000	1.440000	1.037135
3.710000	4.040000	2.050000	0.910000	1.140000	1.850000	0.950000	0.900000	2.100000	0.940000	1.160000	1.750000	0.910000	0.840000	1.950000	1.710000	1.340000	0.918317
3.720000	3.870000	2.010000	0.980000	1.030000	2.080000	1.000000	1.080000	1.600000	0.750000	0.850000	1.900000	0.990000	0.910000	1.820000	1.890000	1.290000	0.961240
3.850000	3.750000	2.100000	1.010000	1.090000	1.830000	0.930000	0.900000	1.650000	0.800000	0.850000	2.020000	1.110000	0.910000	1.910000	1.790000	1.300000	1.026667
4.100000	3.660000	2.160000	1.080000	1.080000	1.920000	1.050000	0.870000	1.920000	1.060000	0.860000	1.760000	0.910000	0.850000	1.860000	1.810000	1.330000	1.120219
3.580000	4.100000	1.960000	0.900000	1.060000	1.790000	0.910000	0.880000	2.080000	0.930000	1.150000	1.850000	0.840000	1.010000	2.020000	1.810000	1.170000	0.873171
3.580000	4.120000	1.900000	0.870000	1.030000	2.210000	1.000000	1.210000	1.840000	0.890000	0.950000	1.750000	0.820000	0.930000	2.060000	1.710000	1.230000	0.868932
3.910000	3.800000	1.910000	0.960000	0.950000	1.890000	0.980000	0.910000	1.990000	1.000000	0.990000	1.920000	0.970000	0.950000	2.040000	1.720000	1.240000	1.028947
3.780000	4.010000	1.990000	0.920000	1.070000	1.960000	0.870000	1.090000	2.000000	0.980000	1.020000	1.840000	1.010000	0.830000	1.830000	1.780000	1.390000	0.942643
3.810000	3.930000	1.730000	0.830000	0.900000	2.170000	1.020000	1.150000	2.000000	1.010000	0.990000	1.840000	0.950000	0.890000	1.920000	1.780000	1.300000	0.969466
3.840000	3.820000	1.950000	0.920000	1.030000	2.020000	1.050000	0.970000	1.920000	1.000000	0.920000	1.770000	0.870000	0.900000	1.900000	1.750000	1.350000	1.005236
3.940000	3.810000	2.030000	1.100000	0.930000	1.880000	0.940000	0.940000	1.890000	0.930000	0.960000	1.950000	0.970000	0.980000	1.810000	1.930000	1.260000	1.034121
3.780000	3.960000	1.940000	1.030000	0.910000	2.050000	0.900000	1.150000	1.910000	0.870000	1.040000	1.840000	0.980000	0.860000	1.950000	1.720000	1.330000	0.954545
3.670000	3.860000	1.860000	0.840000	1.020000	1.890000	0.950000	0.940000	1.950000	0.980000	0.970000	1.830000	0.900000	0.930000	1.960000	1.730000	1.310000	0.950777
3.730000	4.050000	1.910000	1.060000	0.850000	2.030000	0.910000	1.120000	2.020000	0.960000	1.060000	1.820000	0.800000	1.020000	1.740000	1.610000	1.650000	0.920988
3.830000	4.040000	2.020000	0.980000	1.040000	1.990000	1.080000	0.910000	1.850000	0.810000	1.040000	2.010000	0.960000	1.050000	1.720000	1.850000	1.430000	0.948020
3.750000	3.910000	1.940000	0.880000	1.060000	1.830000	0.990000	0.840000	1.990000	0.920000	1.070000	1.900000	0.960000	0.940000	1.970000	1.540000	1.490000	0.959079
3.760000	3.920000	1.910000	0.960000	0.950000	1.890000	0.820000	1.070000	1.870000	0.940000	0.930000	2.010000	1.040000	0.970000	1.930000	1.710000	1.360000	0.959184
3.860000	3.860000	1.780000	0.910000	0.870000	2.070000	1.010000	1.060000	1.880000	0.900000	0.980000	1.990000	1.040000	0.950000	1.820000	1.870000	1.310000	1.000000
3.830000	3.870000	1.760000	0.910000	0.850000	2.040000	1.010000	1.030000	1.890000	0.910000	0.980000	2.010000	1.000000	1.010000	1.880000	1.720000	1.400000	0.989664
3.690000	4.040000	1.900000	0.900000	1.000000	1.850000	0.930000	0.920000	1.880000	0.820000	1.060000	2.100000	1.040000	1.060000	1.930000	1.920000	1.150000	0.913366
3.960000	3.730000	1.860000	0.940000	0.920000	1.880000	1.010000	0.870000	2.070000	1.110000	0.960000	1.880000	0.900000	0.980000	1.850000	1.580000	1.570000	1.061662
3.660000	4.050000	1.930000	0.960000	0.970000	1.910000	0.860000	1.050000	2.130000	1.000000	1.130000	1.740000	0.840000	0.900000	1.820000	1.620000	1.560000	0.903704
3.750000	3.890000	2.090000	1.060000	1.030000	1.770000	0.840000	0.930000	1.770000	0.860000	0.910000	2.010000	0.990000	1.020000	1.870000	1.780000	1.350000	0.964010
3.840000	3.990000	1.920000	0.970000	0.950000	2.140000	1.030000	1.110000	1.850000	0.940000	0.910000	1.920000	0.900000	1.020000	1.880000	1.880000	1.240000	0.962406
3.810000	3.940000	2.180000	1.120000	1.060000	2.010000	1.000000	1.010000	1.740000	0.780000	0.960000	1.820000	0.910000	0.910000	1.770000	1.840000	1.390000	0.967005
3.750000	3.930000	1.970000	1.060000	0.910000	1.740000	0.770000	0.970000	1.940000	0.960000	0.980000	2.030000	0.960000	1.070000	1.900000	1.870000	1.230000	0.954198
3.960000	3.580000	1.960000	1.060000	0.900000	1.880000	0.960000	0.920000	1.900000	1.000000	0.900000	1.800000	0.940000	0.860000	2.000000	1.740000	1.260000	1.106145
4.040000	3.640000	1.840000	1.010000	0.830000	1.990000	1.000000	0.990000	1.910000	1.010000	0.900000	1.940000	1.020000	0.920000	1.930000	1.730000	1.340000	1.109890
3.960000	3.720000	1.790000	0.860000	0.930000	1.960000	1.080000	0.880000	2.110000	1.060000	1.050000	1.820000	0.960000	0.860000	1.920000	1.610000	1.470000	1.064516
3.690000	4.050000	1.840000	0.880000	0.960000	2.020000	0.980000	1.040000	1.920000	0.920000	1.000000	1.960000	0.910000	1.050000	1.960000	1.670000	1.370000	0.911111
3.850000	3.870000	1.720000	0.850000	0.870000	2.060000	1.010000	1.050000	1.960000	0.920000	1.040000	1.980000	1.070000	0.910000	1.800000	1.690000	1.510000	0.994832
3.850000	3.940000	1.950000	0.890000	1.060000	1.880000	0.950000	0.930000	2.000000	0.980000	1.020000	1.960000	1.030000	0.930000	1.770000	1.840000	1.390000	0.977157
