SWD		SHLD		FIR		FSW		FSH		ICE		ISW		ISH		WND		WSW		WSH		ETH		ESW		ESH		ATK		DEF		MRP		Sword/Shield
3.810000	4.190000	2.130000	1.060000	1.070000	1.990000	0.930000	1.060000	2.110000	0.920000	1.190000	1.770000	0.900000	0.870000	1.710000	1.760000	1.530000	0.909308
3.800000	3.460000	1.670000	0.890000	0.780000	1.800000	1.030000	0.770000	1.900000	0.960000	0.940000	1.890000	0.920000	0.970000	2.010000	1.670000	1.320000	1.098266
3.410000	3.920000	1.650000	0.830000	0.820000	2.070000	1.010000	1.060000	1.800000	0.770000	1.030000	1.810000	0.800000	1.010000	1.960000	1.740000	1.300000	0.869898
3.680000	3.790000	1.940000	1.020000	0.920000	1.730000	0.750000	0.980000	1.950000	0.960000	0.990000	1.850000	0.950000	0.900000	2.040000	1.740000	1.220000	0.970976
3.610000	4.030000	1.770000	0.810000	0.960000	2.120000	1.030000	1.090000	1.930000	0.980000	0.950000	1.820000	0.790000	1.030000	1.980000	1.760000	1.260000	0.895782
3.610000	3.880000	1.870000	0.980000	0.890000	1.750000	0.710000	1.040000	2.000000	1.010000	0.990000	1.870000	0.910000	0.960000	1.940000	1.800000	1.260000	0.930412
3.690000	4.000000	2.030000	0.960000	1.070000	1.980000	0.890000	1.090000	1.750000	0.930000	0.820000	1.930000	0.910000	1.020000	1.920000	1.880000	1.200000	0.922500
3.660000	3.870000	1.750000	0.830000	0.920000	2.100000	1.060000	1.040000	1.850000	0.920000	0.930000	1.830000	0.850000	0.980000	2.120000	1.650000	1.230000	0.945736
3.590000	4.110000	1.970000	1.020000	0.950000	1.950000	0.830000	1.120000	1.940000	0.920000	1.020000	1.840000	0.820000	1.020000	2.000000	1.810000	1.190000	0.873479
3.710000	3.770000	2.060000	1.120000	0.940000	1.860000	0.910000	0.950000	1.820000	0.880000	0.940000	1.740000	0.800000	0.940000	2.020000	1.850000	1.130000	0.984085
3.860000	3.810000	1.930000	0.990000	0.940000	1.760000	0.920000	0.840000	2.030000	1.040000	0.990000	1.950000	0.910000	1.040000	1.850000	1.790000	1.360000	1.013123
3.790000	3.900000	2.050000	1.040000	1.010000	2.080000	1.010000	1.070000	1.630000	0.840000	0.790000	1.930000	0.900000	1.030000	1.810000	2.000000	1.190000	0.971795
3.780000	3.910000	1.810000	0.900000	0.910000	1.900000	1.020000	0.880000	1.940000	0.890000	1.050000	2.040000	0.970000	1.070000	2.050000	1.650000	1.300000	0.966752
3.550000	4.190000	1.860000	0.810000	1.050000	2.050000	0.970000	1.080000	1.970000	1.000000	0.970000	1.860000	0.770000	1.090000	1.940000	1.750000	1.310000	0.847255
4.040000	3.720000	2.040000	1.120000	0.920000	2.210000	1.100000	1.110000	1.760000	0.870000	0.890000	1.750000	0.950000	0.800000	1.610000	1.970000	1.420000	1.086022
3.950000	3.690000	1.740000	1.030000	0.710000	1.810000	0.850000	0.960000	2.210000	1.140000	1.070000	1.880000	0.930000	0.950000	1.760000	1.820000	1.420000	1.070461
3.630000	3.960000	1.730000	0.840000	0.890000	1.690000	0.780000	0.910000	1.870000	0.940000	0.930000	2.300000	1.070000	1.230000	1.840000	1.680000	1.480000	0.916667
3.730000	3.840000	1.960000	0.960000	1.000000	1.730000	0.910000	0.820000	1.950000	1.030000	0.920000	1.930000	0.830000	1.100000	2.000000	1.780000	1.220000	0.971354
3.780000	3.840000	1.980000	1.010000	0.970000	1.740000	0.730000	1.010000	1.930000	0.980000	0.950000	1.970000	1.060000	0.910000	1.930000	1.880000	1.190000	0.984375
3.810000	3.960000	1.970000	0.960000	1.010000	1.750000	0.860000	0.890000	1.900000	0.920000	0.980000	2.150000	1.070000	1.080000	1.860000	1.870000	1.270000	0.962121
3.520000	4.060000	1.840000	0.870000	0.970000	1.910000	0.830000	1.080000	1.880000	0.850000	1.030000	1.950000	0.970000	0.980000	1.890000	1.760000	1.350000	0.866995
3.920000	3.810000	1.910000	1.000000	0.910000	1.990000	0.990000	1.000000	2.080000	1.040000	1.040000	1.750000	0.890000	0.860000	1.950000	1.810000	1.240000	1.028871
3.880000	3.860000	1.810000	0.960000	0.850000	1.940000	1.030000	0.910000	1.980000	0.910000	1.070000	2.010000	0.980000	1.030000	1.970000	1.730000	1.300000	1.005181
3.700000	4.050000	1.980000	0.960000	1.020000	1.970000	1.000000	0.970000	2.070000	0.910000	1.160000	1.730000	0.830000	0.900000	1.930000	1.850000	1.220000	0.913580
3.950000	3.770000	1.850000	1.030000	0.820000	2.030000	1.040000	0.990000	1.830000	0.910000	0.920000	2.010000	0.970000	1.040000	1.820000	1.770000	1.410000	1.047745
3.710000	4.000000	2.030000	0.950000	1.080000	1.890000	0.960000	0.930000	1.780000	0.750000	1.030000	2.010000	1.050000	0.960000	1.780000	1.710000	1.510000	0.927500
3.830000	3.760000	1.760000	0.880000	0.880000	1.830000	0.970000	0.860000	1.860000	0.930000	0.930000	2.140000	1.050000	1.090000	1.820000	1.750000	1.430000	1.018617
3.890000	3.710000	1.790000	1.010000	0.780000	1.880000	0.910000	0.970000	1.840000	0.880000	0.960000	2.090000	1.090000	1.000000	1.860000	1.820000	1.320000	1.048518
3.850000	3.830000	1.550000	0.870000	0.680000	1.950000	0.920000	1.030000	2.010000	1.020000	0.990000	2.170000	1.040000	1.130000	1.980000	1.890000	1.130000	1.005222
3.760000	3.900000	1.810000	0.910000	0.900000	2.030000	0.940000	1.090000	1.700000	0.850000	0.850000	2.120000	1.060000	1.060000	1.820000	1.790000	1.390000	0.964103
3.720000	3.870000	1.880000	0.910000	0.970000	1.970000	0.990000	0.980000	1.890000	0.870000	1.020000	1.850000	0.950000	0.900000	1.880000	1.720000	1.400000	0.961240
3.860000	3.940000	2.070000	1.080000	0.990000	1.920000	1.010000	0.910000	1.910000	0.840000	1.070000	1.900000	0.930000	0.970000	1.850000	1.720000	1.430000	0.979695
3.830000	3.870000	1.990000	1.000000	0.990000	1.870000	0.980000	0.890000	2.040000	1.020000	1.020000	1.800000	0.830000	0.970000	1.720000	1.880000	1.400000	0.989664
3.550000	4.110000	2.030000	0.870000	1.160000	2.030000	0.990000	1.040000	1.870000	0.920000	0.950000	1.730000	0.770000	0.960000	1.860000	1.740000	1.400000	0.863747
3.810000	3.910000	1.860000	0.860000	1.000000	1.950000	0.990000	0.960000	1.960000	0.990000	0.970000	1.950000	0.970000	0.980000	1.840000	1.780000	1.380000	0.974425
3.940000	3.680000	2.000000	1.050000	0.950000	1.800000	0.990000	0.810000	1.840000	0.970000	0.870000	1.980000	0.930000	1.050000	1.780000	1.900000	1.320000	1.070652
3.610000	4.020000	1.780000	0.810000	0.970000	1.900000	1.030000	0.870000	2.130000	0.940000	1.190000	1.820000	0.830000	0.990000	1.940000	1.780000	1.280000	0.898010
3.850000	3.860000	1.910000	1.020000	0.890000	2.040000	1.090000	0.950000	1.890000	0.830000	1.060000	1.870000	0.910000	0.960000	1.840000	2.020000	1.140000	0.997409
3.770000	3.990000	1.860000	0.800000	1.060000	1.920000	1.020000	0.900000	1.940000	0.910000	1.030000	2.040000	1.040000	1.000000	1.840000	1.990000	1.170000	0.944862
3.690000	4.040000	2.070000	1.040000	1.030000	1.890000	0.950000	0.940000	1.850000	0.780000	1.070000	1.920000	0.920000	1.000000	2.050000	1.710000	1.240000	0.913366
3.740000	3.880000	1.690000	0.840000	0.850000	2.030000	1.000000	1.030000	2.040000	1.000000	1.040000	1.860000	0.900000	0.960000	1.840000	1.740000	1.420000	0.963918
3.410000	4.250000	1.930000	0.880000	1.050000	1.810000	0.790000	1.020000	2.060000	0.920000	1.140000	1.860000	0.820000	1.040000	1.810000	1.990000	1.200000	0.802353
3.760000	4.010000	1.780000	0.890000	0.890000	1.970000	0.910000	1.060000	2.170000	1.080000	1.090000	1.850000	0.880000	0.970000	1.860000	1.810000	1.330000	0.937656
3.990000	3.690000	1.790000	0.960000	0.830000	2.000000	1.080000	0.920000	1.860000	0.960000	0.900000	2.030000	0.990000	1.040000	1.780000	1.930000	1.290000	1.081301
3.990000	3.790000	2.060000	1.050000	1.010000	1.900000	0.900000	1.000000	2.010000	1.090000	0.920000	1.810000	0.950000	0.860000	1.810000	1.960000	1.230000	1.052770
3.850000	3.920000	2.120000	0.980000	1.140000	1.970000	1.080000	0.890000	1.720000	0.900000	0.820000	1.960000	0.890000	1.070000	1.970000	1.530000	1.500000	0.982143
3.810000	3.980000	2.170000	1.050000	1.120000	2.000000	0.920000	1.080000	1.850000	0.960000	0.890000	1.770000	0.880000	0.890000	1.780000	1.810000	1.410000	0.957286
3.610000	4.230000	1.920000	0.830000	1.090000	1.990000	0.940000	1.050000	1.930000	1.020000	0.910000	2.000000	0.820000	1.180000	1.850000	1.810000	1.340000	0.853428
3.740000	4.090000	2.000000	0.830000	1.170000	2.130000	1.040000	1.090000	1.770000	0.930000	0.840000	1.930000	0.940000	0.990000	1.920000	1.840000	1.240000	0.914425
3.550000	4.230000	1.880000	0.750000	1.130000	2.070000	1.010000	1.060000	1.880000	0.840000	1.040000	1.950000	0.950000	1.000000	1.760000	1.940000	1.300000	0.839243
3.540000	4.130000	1.870000	0.860000	1.010000	2.010000	0.870000	1.140000	1.780000	0.810000	0.970000	2.010000	1.000000	1.010000	1.970000	1.620000	1.410000	0.857143
3.890000	3.790000	1.950000	0.850000	1.100000	1.980000	1.060000	0.920000	1.860000	1.000000	0.860000	1.890000	0.980000	0.910000	1.900000	1.840000	1.260000	1.026385
3.840000	3.870000	2.040000	0.940000	1.100000	1.980000	1.050000	0.930000	1.770000	0.800000	0.970000	1.920000	1.050000	0.870000	1.730000	1.980000	1.290000	0.992248
3.560000	4.050000	1.980000	0.860000	1.120000	2.000000	0.890000	1.110000	1.720000	0.820000	0.900000	1.910000	0.990000	0.920000	1.870000	1.830000	1.300000	0.879012
3.850000	3.930000	2.000000	0.990000	1.010000	1.940000	0.870000	1.070000	1.830000	0.880000	0.950000	2.010000	1.110000	0.900000	1.980000	1.760000	1.260000	0.979644
4.030000	3.610000	1.990000	1.000000	0.990000	1.880000	0.980000	0.900000	1.930000	1.010000	0.920000	1.840000	1.040000	0.800000	2.040000	1.570000	1.390000	1.116343
3.830000	3.850000	2.050000	1.080000	0.970000	1.780000	0.780000	1.000000	2.060000	1.060000	1.000000	1.790000	0.910000	0.880000	1.920000	1.600000	1.480000	0.994805
3.850000	3.900000	2.050000	1.010000	1.040000	1.760000	0.770000	0.990000	1.850000	0.980000	0.870000	2.090000	1.090000	1.000000	1.670000	1.890000	1.440000	0.987179
3.670000	4.060000	2.000000	0.840000	1.160000	1.890000	0.870000	1.020000	1.880000	0.870000	1.010000	1.960000	1.090000	0.870000	1.850000	1.720000	1.430000	0.903941
3.980000	3.800000	1.990000	0.990000	1.000000	2.000000	1.020000	0.980000	2.050000	1.060000	0.990000	1.740000	0.910000	0.830000	1.970000	1.700000	1.330000	1.047368
3.970000	3.700000	2.050000	0.960000	1.090000	1.910000	0.950000	0.960000	1.820000	0.940000	0.880000	1.890000	1.120000	0.770000	1.930000	1.760000	1.310000	1.072973
3.660000	4.030000	1.860000	0.910000	0.950000	2.020000	0.920000	1.100000	1.950000	0.870000	1.080000	1.860000	0.960000	0.900000	1.990000	1.520000	1.490000	0.908189
3.760000	3.740000	1.940000	0.890000	1.050000	1.930000	0.970000	0.960000	1.860000	0.940000	0.920000	1.770000	0.960000	0.810000	2.200000	1.520000	1.280000	1.005348
4.090000	3.700000	2.010000	1.100000	0.910000	1.730000	0.860000	0.870000	2.140000	1.170000	0.970000	1.910000	0.960000	0.950000	1.890000	1.940000	1.170000	1.105405
3.820000	3.950000	1.820000	0.900000	0.920000	2.000000	1.080000	0.920000	1.810000	0.880000	0.930000	2.140000	0.960000	1.180000	1.930000	1.740000	1.330000	0.967089
3.860000	3.850000	1.730000	0.890000	0.840000	2.040000	1.010000	1.030000	2.020000	1.050000	0.970000	1.920000	0.910000	1.010000	1.730000	1.750000	1.520000	1.002597
4.010000	3.620000	1.840000	0.880000	0.960000	1.760000	0.980000	0.780000	1.900000	0.950000	0.950000	2.130000	1.200000	0.930000	1.850000	1.860000	1.290000	1.107735
3.740000	3.920000	2.020000	0.960000	1.060000	1.830000	0.910000	0.920000	2.010000	1.000000	1.010000	1.800000	0.870000	0.930000	1.900000	1.770000	1.330000	0.954082
3.720000	3.890000	1.910000	0.850000	1.060000	1.520000	0.760000	0.760000	2.080000	0.970000	1.110000	2.100000	1.140000	0.960000	2.020000	1.750000	1.230000	0.956298
3.760000	3.890000	1.800000	0.960000	0.840000	2.010000	0.890000	1.120000	1.950000	0.980000	0.970000	1.890000	0.930000	0.960000	1.890000	1.940000	1.170000	0.966581
3.700000	3.960000	1.860000	0.950000	0.910000	1.950000	0.910000	1.040000	1.840000	0.890000	0.950000	2.010000	0.950000	1.060000	1.980000	1.730000	1.290000	0.934343
3.660000	4.060000	1.960000	0.910000	1.050000	1.800000	0.940000	0.860000	1.890000	0.730000	1.160000	2.070000	1.080000	0.990000	1.880000	1.830000	1.290000	0.901478
3.770000	3.920000	1.910000	0.930000	0.980000	1.750000	0.830000	0.920000	1.940000	0.900000	1.040000	2.090000	1.110000	0.980000	1.820000	1.930000	1.250000	0.961735
3.840000	3.850000	1.790000	0.840000	0.950000	1.790000	0.990000	0.800000	2.090000	1.060000	1.030000	2.020000	0.950000	1.070000	1.970000	1.710000	1.320000	0.997403
3.480000	4.200000	1.740000	0.880000	0.860000	1.780000	0.720000	1.060000	2.000000	1.000000	1.000000	2.160000	0.880000	1.280000	1.770000	1.820000	1.410000	0.828571
3.710000	4.090000	1.910000	0.890000	1.020000	1.850000	0.890000	0.960000	2.120000	1.070000	1.050000	1.920000	0.860000	1.060000	1.890000	1.630000	1.480000	0.907090
3.520000	4.160000	1.910000	0.840000	1.070000	1.800000	0.850000	0.950000	1.910000	0.880000	1.030000	2.060000	0.950000	1.110000	1.910000	1.780000	1.310000	0.846154
3.610000	3.950000	1.710000	0.810000	0.900000	1.880000	0.840000	1.040000	2.080000	1.040000	1.040000	1.890000	0.920000	0.970000	1.990000	1.860000	1.150000	0.913924
3.600000	4.230000	1.960000	0.830000	1.130000	1.940000	0.870000	1.070000	1.860000	0.840000	1.020000	2.070000	1.060000	1.010000	1.880000	1.800000	1.320000	0.851064
3.640000	4.040000	1.930000	1.000000	0.930000	1.830000	0.860000	0.970000	1.800000	0.820000	0.980000	2.120000	0.960000	1.160000	1.900000	1.720000	1.380000	0.900990
3.690000	4.080000	1.850000	0.880000	0.970000	1.830000	0.950000	0.880000	2.000000	0.860000	1.140000	2.090000	1.000000	1.090000	1.810000	1.670000	1.520000	0.904412
3.920000	3.890000	1.870000	1.000000	0.870000	2.030000	1.030000	1.000000	1.840000	0.850000	0.990000	2.070000	1.040000	1.030000	1.950000	1.740000	1.310000	1.007712
3.880000	3.840000	2.030000	1.100000	0.930000	2.100000	1.050000	1.050000	1.970000	1.000000	0.970000	1.620000	0.730000	0.890000	1.680000	2.100000	1.220000	1.010417
3.770000	3.850000	1.960000	0.970000	0.990000	1.630000	0.890000	0.740000	2.060000	0.970000	1.090000	1.970000	0.940000	1.030000	1.690000	1.820000	1.490000	0.979221
3.820000	3.810000	2.000000	1.100000	0.900000	1.860000	0.920000	0.940000	1.950000	1.000000	0.950000	1.820000	0.800000	1.020000	2.000000	1.760000	1.240000	1.002625
3.820000	3.930000	1.890000	0.950000	0.940000	1.980000	1.030000	0.950000	1.830000	0.900000	0.930000	2.050000	0.940000	1.110000	1.770000	1.800000	1.430000	0.972010
3.740000	3.890000	1.960000	0.950000	1.010000	1.850000	0.920000	0.930000	2.020000	0.970000	1.050000	1.800000	0.900000	0.900000	1.860000	1.830000	1.310000	0.961440
3.590000	4.070000	1.880000	0.900000	0.980000	2.020000	0.980000	1.040000	1.780000	0.800000	0.980000	1.980000	0.910000	1.070000	2.040000	1.890000	1.070000	0.882064
3.980000	3.660000	1.830000	0.950000	0.880000	1.950000	1.050000	0.900000	1.960000	1.050000	0.910000	1.900000	0.930000	0.970000	1.940000	1.780000	1.280000	1.087432
4.090000	3.620000	1.920000	1.020000	0.900000	2.000000	1.130000	0.870000	2.000000	1.080000	0.920000	1.790000	0.860000	0.930000	1.780000	1.840000	1.380000	1.129834
3.970000	3.630000	1.580000	0.850000	0.730000	2.000000	1.070000	0.930000	2.030000	0.960000	1.070000	1.990000	1.090000	0.900000	2.070000	1.750000	1.180000	1.093664
3.830000	3.810000	1.770000	0.950000	0.820000	2.130000	1.040000	1.090000	1.980000	0.960000	1.020000	1.760000	0.880000	0.880000	2.020000	1.760000	1.220000	1.005249
3.680000	4.150000	1.870000	0.960000	0.910000	2.150000	0.960000	1.190000	1.810000	0.800000	1.010000	2.000000	0.960000	1.040000	1.790000	1.700000	1.510000	0.886747
3.620000	4.010000	1.760000	0.820000	0.940000	1.960000	0.850000	1.110000	1.930000	0.940000	0.990000	1.980000	1.010000	0.970000	1.930000	1.770000	1.300000	0.902743
3.970000	3.820000	2.040000	1.040000	1.000000	2.000000	1.090000	0.910000	1.760000	0.840000	0.920000	1.990000	1.000000	0.990000	1.950000	1.720000	1.330000	1.039267
3.780000	3.970000	1.910000	0.850000	1.060000	1.940000	1.000000	0.940000	1.850000	0.830000	1.020000	2.050000	1.100000	0.950000	1.780000	1.870000	1.350000	0.952141
3.800000	3.800000	1.960000	0.940000	1.020000	1.890000	1.050000	0.840000	2.060000	0.920000	1.140000	1.690000	0.890000	0.800000	1.760000	1.780000	1.460000	1.000000
4.140000	3.690000	2.100000	1.150000	0.950000	2.090000	1.080000	1.010000	1.820000	0.890000	0.930000	1.820000	1.020000	0.800000	1.740000	1.890000	1.370000	1.121951
3.820000	3.950000	2.080000	1.050000	1.030000	2.140000	1.040000	1.100000	1.830000	0.840000	0.990000	1.720000	0.890000	0.830000	2.000000	1.770000	1.230000	0.967089
3.810000	3.650000	2.040000	0.990000	1.050000	1.670000	0.950000	0.720000	2.010000	0.960000	1.050000	1.740000	0.910000	0.830000	2.000000	1.690000	1.310000	1.043836
