SWD		SHLD		FIR		FSW		FSH		ICE		ISW		ISH		WND		WSW		WSH		ETH		ESW		ESH		ATK		DEF		MRP		Sword/Shield
3.760000	4.240000	1.910000	0.910000	1.000000	1.880000	0.880000	1.000000	2.070000	1.070000	1.000000	2.140000	0.900000	1.240000	1.680000	1.670000	1.650000	0.886792
3.690000	3.680000	1.990000	0.940000	1.050000	1.680000	0.800000	0.880000	1.860000	0.990000	0.870000	1.840000	0.960000	0.880000	1.880000	1.630000	1.490000	1.002717
4.120000	3.410000	1.910000	1.070000	0.840000	1.710000	0.950000	0.760000	2.170000	1.130000	1.040000	1.740000	0.970000	0.770000	1.910000	1.850000	1.240000	1.208211
3.700000	3.860000	1.860000	0.830000	1.030000	1.820000	1.000000	0.820000	1.900000	0.900000	1.000000	1.980000	0.970000	1.010000	1.870000	1.650000	1.480000	0.958549
3.750000	3.920000	1.830000	0.900000	0.930000	2.140000	1.030000	1.110000	1.840000	0.930000	0.910000	1.860000	0.890000	0.970000	1.790000	1.600000	1.610000	0.956633
3.610000	3.880000	2.120000	0.980000	1.140000	1.750000	0.810000	0.940000	1.720000	0.910000	0.810000	1.900000	0.910000	0.990000	1.850000	1.740000	1.410000	0.930412
3.720000	3.970000	1.970000	1.090000	0.880000	1.900000	0.790000	1.110000	2.060000	1.080000	0.980000	1.760000	0.760000	1.000000	1.930000	1.700000	1.370000	0.937028
3.930000	3.820000	1.750000	0.890000	0.860000	2.080000	1.040000	1.040000	2.000000	1.030000	0.970000	1.920000	0.970000	0.950000	1.800000	1.820000	1.380000	1.028796
3.910000	3.740000	2.030000	1.120000	0.910000	2.000000	0.930000	1.070000	1.950000	1.050000	0.900000	1.670000	0.810000	0.860000	1.930000	1.880000	1.190000	1.045455
3.850000	3.790000	2.100000	1.130000	0.970000	1.770000	0.880000	0.890000	1.810000	0.900000	0.910000	1.960000	0.940000	1.020000	1.850000	1.740000	1.410000	1.015831
3.880000	3.790000	1.720000	0.880000	0.840000	1.970000	0.950000	1.020000	1.830000	0.920000	0.910000	2.150000	1.130000	1.020000	1.920000	1.820000	1.260000	1.023747
3.830000	3.660000	2.090000	1.250000	0.840000	1.610000	0.740000	0.870000	2.040000	0.940000	1.100000	1.750000	0.900000	0.850000	2.200000	1.670000	1.130000	1.046448
3.800000	3.870000	2.030000	1.130000	0.900000	1.730000	0.750000	0.980000	1.930000	0.880000	1.050000	1.980000	1.040000	0.940000	1.920000	1.700000	1.380000	0.981912
3.720000	3.910000	1.650000	0.750000	0.900000	2.110000	1.020000	1.090000	2.010000	0.970000	1.040000	1.860000	0.980000	0.880000	2.010000	1.750000	1.240000	0.951407
4.120000	3.580000	1.720000	0.850000	0.870000	1.780000	0.980000	0.800000	2.310000	1.210000	1.100000	1.890000	1.080000	0.810000	1.810000	1.990000	1.200000	1.150838
3.890000	3.890000	1.930000	1.060000	0.870000	1.800000	0.900000	0.900000	2.070000	1.010000	1.060000	1.980000	0.920000	1.060000	1.750000	1.770000	1.480000	1.000000
4.110000	3.600000	2.030000	1.020000	1.010000	1.900000	1.030000	0.870000	1.630000	0.960000	0.670000	2.150000	1.100000	1.050000	1.930000	1.830000	1.240000	1.141667
3.870000	3.880000	1.890000	0.950000	0.940000	1.920000	0.980000	0.940000	1.930000	0.890000	1.040000	2.010000	1.050000	0.960000	2.120000	1.560000	1.320000	0.997423
3.600000	3.990000	1.890000	0.940000	0.950000	1.910000	0.890000	1.020000	1.850000	0.870000	0.980000	1.940000	0.900000	1.040000	1.860000	1.920000	1.220000	0.902256
3.760000	3.940000	1.930000	1.100000	0.830000	1.940000	0.820000	1.120000	1.760000	0.920000	0.840000	2.070000	0.920000	1.150000	1.950000	1.840000	1.210000	0.954315
3.690000	3.950000	1.820000	0.790000	1.030000	2.080000	1.060000	1.020000	1.970000	1.020000	0.950000	1.770000	0.820000	0.950000	1.710000	2.000000	1.290000	0.934177
3.690000	4.060000	1.800000	0.830000	0.970000	1.960000	0.920000	1.040000	1.970000	0.930000	1.040000	2.020000	1.010000	1.010000	1.750000	1.960000	1.290000	0.908867
3.780000	3.820000	1.810000	0.880000	0.930000	1.900000	0.990000	0.910000	1.890000	0.930000	0.960000	2.000000	0.980000	1.020000	1.980000	1.560000	1.460000	0.989529
3.880000	3.850000	1.930000	1.130000	0.800000	1.910000	0.930000	0.980000	1.960000	0.870000	1.090000	1.930000	0.950000	0.980000	1.810000	1.820000	1.370000	1.007792
3.810000	3.820000	2.010000	0.980000	1.030000	1.950000	0.920000	1.030000	1.790000	0.960000	0.830000	1.880000	0.950000	0.930000	1.920000	1.700000	1.380000	0.997382
3.690000	3.910000	2.090000	0.940000	1.150000	2.010000	1.140000	0.870000	1.710000	0.740000	0.970000	1.790000	0.870000	0.920000	2.080000	1.740000	1.180000	0.943734
3.760000	3.980000	2.120000	0.930000	1.190000	1.830000	0.980000	0.850000	1.900000	0.920000	0.980000	1.890000	0.930000	0.960000	1.900000	1.870000	1.230000	0.944724
3.820000	3.890000	1.670000	0.870000	0.800000	1.890000	0.940000	0.950000	2.110000	1.060000	1.050000	2.040000	0.950000	1.090000	1.920000	1.630000	1.450000	0.982005
3.880000	3.820000	2.030000	0.970000	1.060000	1.950000	1.060000	0.890000	1.960000	0.970000	0.990000	1.760000	0.880000	0.880000	2.000000	1.830000	1.170000	1.015707
3.780000	3.910000	2.180000	1.040000	1.140000	1.740000	0.840000	0.900000	1.780000	0.920000	0.860000	1.990000	0.980000	1.010000	1.910000	1.730000	1.360000	0.966752
3.790000	3.930000	1.840000	0.780000	1.060000	1.850000	0.990000	0.860000	1.870000	0.990000	0.880000	2.160000	1.030000	1.130000	1.820000	1.730000	1.450000	0.964377
4.070000	3.760000	2.150000	1.110000	1.040000	1.860000	0.980000	0.880000	1.900000	1.010000	0.890000	1.920000	0.970000	0.950000	1.910000	1.690000	1.400000	1.082447
3.680000	3.960000	1.830000	0.870000	0.960000	1.950000	0.920000	1.030000	2.090000	1.040000	1.050000	1.770000	0.850000	0.920000	1.890000	1.810000	1.300000	0.929293
3.630000	4.010000	1.900000	0.910000	0.990000	2.030000	0.910000	1.120000	1.800000	0.830000	0.970000	1.910000	0.980000	0.930000	1.890000	1.880000	1.230000	0.905237
3.760000	4.000000	1.810000	0.900000	0.910000	2.090000	1.030000	1.060000	1.850000	0.950000	0.900000	2.010000	0.880000	1.130000	1.950000	1.710000	1.340000	0.940000
3.730000	3.930000	1.970000	0.880000	1.090000	1.860000	0.870000	0.990000	1.980000	1.050000	0.930000	1.850000	0.930000	0.920000	1.930000	1.650000	1.420000	0.949109
3.860000	3.850000	1.830000	1.030000	0.800000	1.820000	0.880000	0.940000	1.730000	0.710000	1.020000	2.330000	1.240000	1.090000	2.090000	1.600000	1.310000	1.002597
3.850000	3.920000	1.990000	1.050000	0.940000	1.820000	0.890000	0.930000	1.880000	0.980000	0.900000	2.080000	0.930000	1.150000	2.020000	1.710000	1.270000	0.982143
3.940000	3.720000	1.780000	0.950000	0.830000	1.970000	1.030000	0.940000	1.970000	1.080000	0.890000	1.940000	0.880000	1.060000	1.800000	1.890000	1.310000	1.059140
3.870000	3.770000	1.940000	0.930000	1.010000	1.930000	0.990000	0.940000	1.710000	0.920000	0.790000	2.060000	1.030000	1.030000	1.850000	1.690000	1.460000	1.026525
3.640000	3.940000	1.860000	0.950000	0.910000	2.000000	0.880000	1.120000	1.800000	0.930000	0.870000	1.920000	0.880000	1.040000	1.910000	1.790000	1.300000	0.923858
3.770000	4.000000	1.910000	0.920000	0.990000	2.050000	1.050000	1.000000	1.780000	0.810000	0.970000	2.030000	0.990000	1.040000	1.830000	1.740000	1.430000	0.942500
3.880000	3.860000	2.180000	1.080000	1.100000	1.930000	0.960000	0.970000	1.810000	0.930000	0.880000	1.820000	0.910000	0.910000	1.760000	1.860000	1.380000	1.005181
3.800000	3.740000	1.940000	0.980000	0.960000	1.770000	0.880000	0.890000	1.930000	1.080000	0.850000	1.900000	0.860000	1.040000	1.960000	1.630000	1.410000	1.016043
4.020000	3.780000	1.950000	1.050000	0.900000	2.090000	1.050000	1.040000	1.840000	0.950000	0.890000	1.920000	0.970000	0.950000	1.800000	1.740000	1.460000	1.063492
3.940000	3.840000	1.920000	1.000000	0.920000	1.960000	1.040000	0.920000	2.030000	0.970000	1.060000	1.870000	0.930000	0.940000	1.920000	1.790000	1.290000	1.026042
3.840000	3.880000	1.690000	0.800000	0.890000	1.980000	1.040000	0.940000	1.950000	0.960000	0.990000	2.100000	1.040000	1.060000	1.860000	1.750000	1.390000	0.989691
3.680000	4.060000	1.920000	0.890000	1.030000	1.970000	0.950000	1.020000	1.920000	0.870000	1.050000	1.930000	0.970000	0.960000	1.830000	1.810000	1.360000	0.906404
3.950000	3.550000	1.760000	0.790000	0.970000	1.860000	1.060000	0.800000	2.000000	1.060000	0.940000	1.880000	1.040000	0.840000	1.940000	1.710000	1.350000	1.112676
3.650000	3.940000	1.970000	0.920000	1.050000	1.860000	0.920000	0.940000	1.950000	0.950000	1.000000	1.810000	0.860000	0.950000	1.770000	1.730000	1.500000	0.926396
3.750000	3.980000	1.920000	0.910000	1.010000	1.990000	0.900000	1.090000	2.070000	1.010000	1.060000	1.750000	0.930000	0.820000	1.570000	2.040000	1.390000	0.942211
3.730000	4.020000	2.030000	0.930000	1.100000	2.140000	0.950000	1.190000	1.730000	0.890000	0.840000	1.850000	0.960000	0.890000	1.880000	1.830000	1.290000	0.927861
3.840000	3.800000	1.890000	0.980000	0.910000	1.670000	0.750000	0.920000	2.090000	1.050000	1.040000	1.990000	1.060000	0.930000	1.970000	1.780000	1.250000	1.010526
3.580000	4.110000	1.880000	0.830000	1.050000	1.900000	0.860000	1.040000	1.870000	0.890000	0.980000	2.040000	1.000000	1.040000	1.890000	1.860000	1.250000	0.871046
3.720000	3.940000	1.770000	0.830000	0.940000	1.970000	0.990000	0.980000	2.010000	0.990000	1.020000	1.910000	0.910000	1.000000	2.020000	1.680000	1.300000	0.944162
3.730000	4.120000	1.960000	1.010000	0.950000	1.840000	0.890000	0.950000	2.100000	0.920000	1.180000	1.950000	0.910000	1.040000	1.710000	1.860000	1.430000	0.905340
3.670000	3.930000	2.180000	1.010000	1.170000	1.800000	0.890000	0.910000	1.770000	0.850000	0.920000	1.850000	0.920000	0.930000	1.990000	1.740000	1.270000	0.933842
4.030000	3.670000	1.910000	0.910000	1.000000	2.050000	1.060000	0.990000	1.890000	1.080000	0.810000	1.850000	0.980000	0.870000	2.010000	1.640000	1.350000	1.098093
4.160000	3.550000	1.980000	1.140000	0.840000	1.990000	0.930000	1.060000	1.770000	0.980000	0.790000	1.970000	1.110000	0.860000	1.970000	1.840000	1.190000	1.171831
3.590000	4.150000	1.740000	0.850000	0.890000	2.010000	0.820000	1.190000	1.840000	0.980000	0.860000	2.150000	0.940000	1.210000	1.780000	1.800000	1.420000	0.865060
3.670000	3.990000	1.940000	1.020000	0.920000	1.900000	0.820000	1.080000	1.810000	0.850000	0.960000	2.010000	0.980000	1.030000	1.830000	1.840000	1.330000	0.919799
3.860000	3.780000	1.910000	0.960000	0.950000	1.810000	0.960000	0.850000	2.000000	1.000000	1.000000	1.920000	0.940000	0.980000	1.950000	1.670000	1.380000	1.021164
3.660000	4.030000	1.980000	0.890000	1.090000	2.010000	1.010000	1.000000	1.930000	0.840000	1.090000	1.770000	0.920000	0.850000	1.750000	1.700000	1.550000	0.908189
3.580000	4.170000	2.050000	0.980000	1.070000	1.760000	0.780000	0.980000	1.870000	0.860000	1.010000	2.070000	0.960000	1.110000	1.990000	1.640000	1.370000	0.858513
3.840000	3.960000	1.940000	0.940000	1.000000	2.100000	1.000000	1.100000	1.850000	0.920000	0.930000	1.910000	0.980000	0.930000	1.990000	1.690000	1.320000	0.969697
3.880000	3.930000	2.100000	1.020000	1.080000	1.840000	0.840000	1.000000	1.930000	1.070000	0.860000	1.940000	0.950000	0.990000	1.880000	1.710000	1.410000	0.987277
3.540000	4.080000	1.900000	0.810000	1.090000	1.870000	0.820000	1.050000	1.860000	0.920000	0.940000	1.990000	0.990000	1.000000	1.980000	1.780000	1.240000	0.867647
3.800000	3.880000	1.730000	0.800000	0.930000	2.080000	1.090000	0.990000	1.920000	0.890000	1.030000	1.950000	1.020000	0.930000	2.090000	1.710000	1.200000	0.979381
3.750000	3.850000	1.770000	0.830000	0.940000	1.830000	0.940000	0.890000	1.960000	0.910000	1.050000	2.040000	1.070000	0.970000	1.980000	1.700000	1.320000	0.974026
3.440000	4.260000	1.850000	0.830000	1.020000	1.910000	0.830000	1.080000	2.040000	0.890000	1.150000	1.900000	0.890000	1.010000	2.040000	1.760000	1.200000	0.807512
3.680000	4.100000	2.080000	1.110000	0.970000	1.730000	0.780000	0.950000	2.010000	0.980000	1.030000	1.960000	0.810000	1.150000	1.890000	1.700000	1.410000	0.897561
3.990000	3.740000	2.010000	0.980000	1.030000	1.880000	0.920000	0.960000	1.870000	1.050000	0.820000	1.970000	1.040000	0.930000	1.940000	1.810000	1.250000	1.066845
3.690000	3.960000	2.010000	0.940000	1.070000	1.910000	0.910000	1.000000	1.820000	0.850000	0.970000	1.910000	0.990000	0.920000	1.910000	1.750000	1.340000	0.931818
3.880000	3.900000	2.120000	1.100000	1.020000	1.790000	0.880000	0.910000	1.850000	0.940000	0.910000	2.020000	0.960000	1.060000	1.890000	1.800000	1.310000	0.994872
3.980000	3.700000	1.930000	1.010000	0.920000	1.820000	0.880000	0.940000	1.800000	0.930000	0.870000	2.130000	1.160000	0.970000	2.000000	1.690000	1.310000	1.075676
3.690000	4.030000	1.990000	0.990000	1.000000	1.970000	0.900000	1.070000	1.750000	0.930000	0.820000	2.010000	0.870000	1.140000	1.950000	1.610000	1.440000	0.915633
3.730000	3.890000	1.920000	0.860000	1.060000	1.650000	0.850000	0.800000	2.020000	1.050000	0.970000	2.030000	0.970000	1.060000	1.930000	1.760000	1.310000	0.958869
3.680000	4.010000	1.830000	0.950000	0.880000	1.890000	0.810000	1.080000	2.060000	0.980000	1.080000	1.910000	0.940000	0.970000	1.930000	1.750000	1.320000	0.917706
3.800000	3.930000	1.970000	1.010000	0.960000	1.810000	0.900000	0.910000	1.900000	0.920000	0.980000	2.050000	0.970000	1.080000	1.710000	1.790000	1.500000	0.966921
3.670000	3.970000	1.910000	0.970000	0.940000	1.660000	0.810000	0.850000	1.990000	1.000000	0.990000	2.080000	0.890000	1.190000	1.950000	1.780000	1.270000	0.924433
3.770000	3.950000	1.890000	0.930000	0.960000	1.970000	0.940000	1.030000	1.900000	0.870000	1.030000	1.960000	1.030000	0.930000	2.000000	1.730000	1.270000	0.954430
3.760000	3.970000	1.870000	0.880000	0.990000	1.990000	0.940000	1.050000	2.020000	1.040000	0.980000	1.850000	0.900000	0.950000	2.000000	1.840000	1.160000	0.947103
3.940000	3.840000	1.850000	0.900000	0.950000	1.890000	0.990000	0.900000	1.960000	1.040000	0.920000	2.080000	1.010000	1.070000	1.920000	1.830000	1.250000	1.026042
3.720000	3.980000	1.720000	0.780000	0.940000	1.940000	0.910000	1.030000	1.840000	0.950000	0.890000	2.200000	1.080000	1.120000	2.030000	1.650000	1.320000	0.934673
4.160000	3.540000	1.850000	0.910000	0.940000	2.020000	1.140000	0.880000	1.920000	0.980000	0.940000	1.910000	1.130000	0.780000	1.970000	1.890000	1.140000	1.175141
3.800000	3.860000	1.610000	0.870000	0.740000	2.180000	1.040000	1.140000	1.950000	0.890000	1.060000	1.920000	1.000000	0.920000	1.960000	1.740000	1.300000	0.984456
3.850000	3.870000	1.830000	0.930000	0.900000	1.880000	0.920000	0.960000	2.050000	0.930000	1.120000	1.960000	1.070000	0.890000	1.850000	1.770000	1.380000	0.994832
4.100000	3.610000	1.870000	1.040000	0.830000	2.060000	1.080000	0.980000	1.990000	0.920000	1.070000	1.790000	1.060000	0.730000	1.900000	1.800000	1.300000	1.135734
3.530000	4.110000	1.830000	0.810000	1.020000	2.140000	0.980000	1.160000	1.940000	0.810000	1.130000	1.730000	0.930000	0.800000	1.750000	1.700000	1.550000	0.858881
3.760000	3.910000	1.780000	0.850000	0.930000	1.810000	0.950000	0.860000	2.080000	1.020000	1.060000	2.000000	0.940000	1.060000	1.890000	1.830000	1.280000	0.961637
3.770000	3.930000	1.890000	0.940000	0.950000	2.100000	1.020000	1.080000	1.870000	0.870000	1.000000	1.840000	0.940000	0.900000	1.810000	1.910000	1.280000	0.959288
4.030000	3.670000	2.110000	1.170000	0.940000	1.780000	0.940000	0.840000	1.910000	0.920000	0.990000	1.900000	1.000000	0.900000	1.770000	1.760000	1.470000	1.098093
3.510000	4.220000	1.720000	0.830000	0.890000	1.990000	0.780000	1.210000	1.940000	0.910000	1.030000	2.080000	0.990000	1.090000	1.710000	1.860000	1.430000	0.831754
3.800000	3.890000	1.980000	0.950000	1.030000	1.830000	0.830000	1.000000	1.910000	1.020000	0.890000	1.970000	1.000000	0.970000	1.930000	1.640000	1.430000	0.976864
3.610000	4.130000	1.720000	0.830000	0.890000	2.000000	0.790000	1.210000	1.840000	0.840000	1.000000	2.180000	1.150000	1.030000	1.910000	1.660000	1.430000	0.874092
3.930000	3.880000	1.910000	1.080000	0.830000	2.080000	0.970000	1.110000	1.720000	0.810000	0.910000	2.100000	1.070000	1.030000	1.710000	1.860000	1.430000	1.012887
3.670000	4.110000	2.070000	0.930000	1.140000	1.860000	0.860000	1.000000	1.760000	0.800000	0.960000	2.090000	1.080000	1.010000	1.650000	1.860000	1.490000	0.892944
3.740000	4.020000	2.090000	1.050000	1.040000	2.010000	0.940000	1.070000	1.740000	0.840000	0.900000	1.920000	0.910000	1.010000	2.070000	1.770000	1.160000	0.930348
3.960000	3.880000	2.000000	1.090000	0.910000	2.060000	1.010000	1.050000	1.890000	0.950000	0.940000	1.890000	0.910000	0.980000	1.760000	1.940000	1.300000	1.020619
3.660000	3.980000	1.820000	0.930000	0.890000	1.990000	0.880000	1.110000	2.010000	1.010000	1.000000	1.820000	0.840000	0.980000	2.030000	1.610000	1.360000	0.919598
