SWD		SHLD		FIR		FSW		FSH		ICE		ISW		ISH		WND		WSW		WSH		ETH		ESW		ESH		ATK		DEF		MRP		Sword/Shield
4.160000	3.840000	2.000000	1.050000	0.950000	1.970000	1.050000	0.920000	2.000000	1.100000	0.900000	2.030000	0.960000	1.070000	1.670000	1.700000	1.630000	1.083333
3.830000	3.520000	1.740000	0.970000	0.770000	1.910000	1.050000	0.860000	1.880000	0.910000	0.970000	1.820000	0.900000	0.920000	2.010000	1.580000	1.410000	1.088068
3.670000	3.700000	1.680000	0.750000	0.930000	1.940000	1.020000	0.920000	2.030000	1.070000	0.960000	1.720000	0.830000	0.890000	1.840000	1.900000	1.260000	0.991892
3.760000	3.670000	1.970000	1.090000	0.880000	1.720000	0.740000	0.980000	1.690000	0.830000	0.860000	2.050000	1.100000	0.950000	1.950000	1.700000	1.350000	1.024523
3.590000	3.950000	1.900000	0.970000	0.930000	1.770000	0.850000	0.920000	2.080000	0.940000	1.140000	1.790000	0.830000	0.960000	1.730000	1.830000	1.440000	0.908861
3.830000	3.820000	2.050000	1.100000	0.950000	1.980000	1.030000	0.950000	1.690000	0.880000	0.810000	1.930000	0.820000	1.110000	1.900000	1.780000	1.320000	1.002618
3.950000	3.650000	1.800000	0.910000	0.890000	1.980000	1.030000	0.950000	1.930000	1.080000	0.850000	1.890000	0.930000	0.960000	1.950000	1.650000	1.400000	1.082192
3.760000	3.720000	1.770000	0.870000	0.900000	1.860000	1.030000	0.830000	1.920000	1.020000	0.900000	1.930000	0.840000	1.090000	2.010000	1.800000	1.190000	1.010753
3.780000	3.810000	1.890000	1.010000	0.880000	1.800000	0.850000	0.950000	2.020000	1.050000	0.970000	1.880000	0.870000	1.010000	1.900000	1.690000	1.410000	0.992126
3.720000	3.930000	1.740000	0.800000	0.940000	2.120000	1.090000	1.030000	2.020000	0.990000	1.030000	1.770000	0.840000	0.930000	1.750000	1.850000	1.400000	0.946565
3.810000	3.780000	2.090000	0.940000	1.150000	1.750000	0.910000	0.840000	1.900000	0.980000	0.920000	1.850000	0.980000	0.870000	1.810000	1.930000	1.260000	1.007937
4.020000	3.660000	2.050000	1.050000	1.000000	1.840000	0.980000	0.860000	1.980000	1.040000	0.940000	1.810000	0.950000	0.860000	1.810000	1.890000	1.300000	1.098361
3.770000	3.960000	1.950000	0.930000	1.020000	1.870000	1.040000	0.830000	1.840000	0.900000	0.940000	2.070000	0.900000	1.170000	2.050000	1.680000	1.270000	0.952020
4.030000	3.730000	2.180000	1.030000	1.150000	1.730000	0.910000	0.820000	2.070000	1.120000	0.950000	1.780000	0.970000	0.810000	1.960000	1.650000	1.390000	1.080429
3.870000	3.790000	1.930000	1.030000	0.900000	1.980000	0.960000	1.020000	1.830000	0.920000	0.910000	1.920000	0.960000	0.960000	2.040000	1.700000	1.260000	1.021108
3.800000	3.870000	1.700000	0.850000	0.850000	2.030000	0.900000	1.130000	2.060000	1.040000	1.020000	1.880000	1.010000	0.870000	1.880000	1.910000	1.210000	0.981912
3.550000	3.980000	1.930000	0.840000	1.090000	1.820000	0.950000	0.870000	1.960000	0.980000	0.980000	1.820000	0.780000	1.040000	1.890000	1.770000	1.340000	0.891960
3.810000	3.860000	1.740000	0.790000	0.950000	2.030000	1.000000	1.030000	1.990000	1.110000	0.880000	1.910000	0.910000	1.000000	2.040000	1.660000	1.300000	0.987047
3.710000	3.970000	1.890000	0.960000	0.930000	1.840000	0.830000	1.010000	1.970000	0.960000	1.010000	1.980000	0.960000	1.020000	1.940000	1.760000	1.300000	0.934509
4.010000	3.720000	2.070000	1.050000	1.020000	2.000000	0.830000	1.170000	1.960000	1.230000	0.730000	1.700000	0.900000	0.800000	1.880000	1.810000	1.310000	1.077957
4.040000	3.660000	2.090000	1.210000	0.880000	1.860000	0.970000	0.890000	1.820000	0.890000	0.930000	1.930000	0.970000	0.960000	1.750000	1.850000	1.400000	1.103825
3.840000	3.890000	2.020000	1.080000	0.940000	1.840000	0.880000	0.960000	1.940000	0.940000	1.000000	1.930000	0.940000	0.990000	1.880000	1.880000	1.240000	0.987147
3.750000	3.970000	1.860000	0.820000	1.040000	1.930000	0.990000	0.940000	2.100000	1.020000	1.080000	1.830000	0.920000	0.910000	1.680000	1.900000	1.420000	0.944584
4.150000	3.360000	1.650000	0.930000	0.720000	1.890000	1.050000	0.840000	2.030000	1.060000	0.970000	1.940000	1.110000	0.830000	1.810000	1.790000	1.400000	1.235119
3.670000	4.070000	1.870000	0.930000	0.940000	1.790000	0.950000	0.840000	1.990000	0.850000	1.140000	2.090000	0.940000	1.150000	1.840000	1.930000	1.230000	0.901720
3.740000	3.880000	1.700000	0.940000	0.760000	1.750000	0.960000	0.790000	2.050000	0.910000	1.140000	2.120000	0.930000	1.190000	1.860000	1.890000	1.250000	0.963918
3.850000	3.930000	1.810000	0.870000	0.940000	2.000000	1.090000	0.910000	2.010000	0.980000	1.030000	1.960000	0.910000	1.050000	1.910000	1.820000	1.270000	0.979644
3.850000	3.770000	1.790000	0.880000	0.910000	1.860000	0.920000	0.940000	1.820000	0.960000	0.860000	2.150000	1.090000	1.060000	2.040000	1.730000	1.230000	1.021220
3.860000	3.900000	1.900000	0.930000	0.970000	1.790000	0.950000	0.840000	2.050000	0.980000	1.070000	2.020000	1.000000	1.020000	1.790000	1.890000	1.320000	0.989744
4.010000	3.680000	1.820000	0.970000	0.850000	2.020000	1.120000	0.900000	1.860000	0.910000	0.950000	1.990000	1.010000	0.980000	1.970000	1.640000	1.390000	1.089674
3.560000	4.100000	1.760000	0.860000	0.900000	2.050000	1.060000	0.990000	1.730000	0.770000	0.960000	2.120000	0.870000	1.250000	1.910000	1.720000	1.370000	0.868293
3.710000	3.900000	1.680000	0.780000	0.900000	2.050000	1.100000	0.950000	1.890000	0.920000	0.970000	1.990000	0.910000	1.080000	1.880000	1.720000	1.400000	0.951282
3.890000	3.790000	1.930000	1.010000	0.920000	2.000000	0.940000	1.060000	1.960000	0.990000	0.970000	1.790000	0.950000	0.840000	2.080000	1.710000	1.210000	1.026385
3.760000	3.920000	2.030000	0.930000	1.100000	1.970000	1.030000	0.940000	1.800000	0.880000	0.920000	1.880000	0.920000	0.960000	2.120000	1.710000	1.170000	0.959184
3.850000	3.900000	2.110000	1.060000	1.050000	1.880000	0.960000	0.920000	1.890000	0.890000	1.000000	1.870000	0.940000	0.930000	1.950000	1.670000	1.380000	0.987179
4.110000	3.480000	1.840000	0.920000	0.920000	1.930000	1.100000	0.830000	1.850000	1.010000	0.840000	1.970000	1.080000	0.890000	1.910000	1.690000	1.400000	1.181034
3.900000	3.760000	1.870000	0.910000	0.960000	2.000000	1.150000	0.850000	1.820000	0.800000	1.020000	1.970000	1.040000	0.930000	1.960000	1.810000	1.230000	1.037234
3.700000	3.960000	1.990000	1.010000	0.980000	1.830000	0.770000	1.060000	1.760000	0.910000	0.850000	2.080000	1.010000	1.070000	1.940000	1.720000	1.340000	0.934343
3.970000	3.800000	1.770000	0.870000	0.900000	1.990000	1.090000	0.900000	1.810000	0.830000	0.980000	2.200000	1.180000	1.020000	1.940000	1.890000	1.170000	1.044737
3.500000	4.060000	2.150000	0.880000	1.270000	1.920000	0.920000	1.000000	1.700000	0.830000	0.870000	1.790000	0.870000	0.920000	1.960000	1.940000	1.100000	0.862069
3.800000	3.880000	1.940000	0.900000	1.040000	1.760000	0.880000	0.880000	2.080000	1.070000	1.010000	1.900000	0.950000	0.950000	1.840000	1.790000	1.370000	0.979381
3.800000	3.900000	2.010000	1.010000	1.000000	1.940000	0.910000	1.030000	1.900000	0.950000	0.950000	1.850000	0.930000	0.920000	1.820000	1.870000	1.310000	0.974359
3.840000	4.010000	2.120000	1.110000	1.010000	2.100000	1.010000	1.090000	1.810000	0.780000	1.030000	1.820000	0.940000	0.880000	1.730000	1.910000	1.360000	0.957606
3.780000	4.010000	1.960000	0.950000	1.010000	1.940000	0.880000	1.060000	2.020000	1.050000	0.970000	1.870000	0.900000	0.970000	1.560000	1.920000	1.520000	0.942643
3.740000	3.910000	1.890000	0.910000	0.980000	1.980000	0.910000	1.070000	1.780000	0.970000	0.810000	2.000000	0.950000	1.050000	1.890000	1.640000	1.470000	0.956522
3.760000	4.010000	1.920000	0.950000	0.970000	1.980000	0.940000	1.040000	1.870000	0.930000	0.940000	2.000000	0.940000	1.060000	1.920000	1.720000	1.360000	0.937656
3.860000	3.820000	1.910000	0.960000	0.950000	1.800000	0.850000	0.950000	1.800000	0.840000	0.960000	2.170000	1.210000	0.960000	1.900000	1.850000	1.250000	1.010471
3.740000	4.020000	1.640000	0.790000	0.850000	1.860000	0.820000	1.040000	2.000000	0.990000	1.010000	2.260000	1.140000	1.120000	1.790000	1.760000	1.450000	0.930348
4.090000	3.730000	1.820000	0.970000	0.850000	1.820000	0.960000	0.860000	2.090000	1.060000	1.030000	2.090000	1.100000	0.990000	1.900000	1.840000	1.260000	1.096515
4.010000	3.720000	1.900000	1.060000	0.840000	1.920000	1.050000	0.870000	2.180000	1.060000	1.120000	1.730000	0.840000	0.890000	1.890000	1.740000	1.370000	1.077957
3.900000	3.770000	1.980000	0.950000	1.030000	2.030000	1.000000	1.030000	1.890000	1.090000	0.800000	1.770000	0.860000	0.910000	1.810000	1.780000	1.410000	1.034483
3.660000	4.020000	1.860000	0.950000	0.910000	1.930000	0.880000	1.050000	2.000000	0.910000	1.090000	1.890000	0.920000	0.970000	1.830000	1.810000	1.360000	0.910448
3.780000	3.880000	1.750000	0.850000	0.900000	2.120000	0.920000	1.200000	1.970000	1.060000	0.910000	1.820000	0.950000	0.870000	1.850000	1.730000	1.420000	0.974227
4.010000	3.720000	1.970000	1.000000	0.970000	1.660000	0.920000	0.740000	2.030000	1.040000	0.990000	2.070000	1.050000	1.020000	1.740000	1.720000	1.540000	1.077957
3.990000	3.810000	2.080000	1.150000	0.930000	1.920000	0.910000	1.010000	1.930000	0.940000	0.990000	1.870000	0.990000	0.880000	1.780000	1.740000	1.480000	1.047244
3.800000	3.760000	1.870000	0.930000	0.940000	1.870000	0.910000	0.960000	1.870000	0.900000	0.970000	1.950000	1.060000	0.890000	1.840000	1.830000	1.330000	1.010638
3.750000	3.930000	1.910000	1.030000	0.880000	1.890000	0.860000	1.030000	2.160000	0.990000	1.170000	1.720000	0.870000	0.850000	1.860000	1.770000	1.370000	0.954198
3.580000	3.970000	1.900000	0.820000	1.080000	1.950000	0.950000	1.000000	1.860000	0.820000	1.040000	1.840000	0.990000	0.850000	2.070000	1.640000	1.290000	0.901763
3.710000	4.050000	2.100000	1.080000	1.020000	1.730000	0.860000	0.870000	2.140000	0.900000	1.240000	1.790000	0.870000	0.920000	1.860000	1.870000	1.270000	0.916049
3.580000	4.080000	1.950000	0.880000	1.070000	1.900000	0.850000	1.050000	2.080000	1.000000	1.080000	1.730000	0.850000	0.880000	1.910000	1.650000	1.440000	0.877451
3.570000	4.010000	1.870000	0.880000	0.990000	1.790000	0.900000	0.890000	2.000000	0.950000	1.050000	1.920000	0.840000	1.080000	1.760000	1.970000	1.270000	0.890274
3.890000	3.920000	1.890000	0.980000	0.910000	2.080000	1.020000	1.060000	1.680000	0.860000	0.820000	2.160000	1.030000	1.130000	1.940000	1.690000	1.370000	0.992347
3.620000	3.980000	1.770000	0.880000	0.890000	1.890000	0.940000	0.950000	2.020000	0.910000	1.110000	1.920000	0.890000	1.030000	1.960000	1.650000	1.390000	0.909548
3.800000	3.960000	2.140000	1.120000	1.020000	1.940000	0.950000	0.990000	1.770000	0.830000	0.940000	1.910000	0.900000	1.010000	1.880000	1.830000	1.290000	0.959596
3.760000	4.020000	2.050000	1.000000	1.050000	1.990000	0.990000	1.000000	1.690000	0.850000	0.840000	2.050000	0.920000	1.130000	1.980000	1.640000	1.380000	0.935323
3.710000	3.980000	1.890000	0.860000	1.030000	1.820000	0.930000	0.890000	2.220000	1.110000	1.110000	1.760000	0.810000	0.950000	1.790000	1.920000	1.290000	0.932161
4.080000	3.710000	1.850000	1.070000	0.780000	1.950000	1.040000	0.910000	2.020000	1.000000	1.020000	1.970000	0.970000	1.000000	1.660000	2.120000	1.220000	1.099730
3.570000	4.000000	1.830000	0.940000	0.890000	1.800000	0.860000	0.940000	1.860000	0.890000	0.970000	2.080000	0.880000	1.200000	1.980000	1.780000	1.240000	0.892500
3.840000	3.880000	1.980000	1.040000	0.940000	1.690000	0.820000	0.870000	2.180000	1.140000	1.040000	1.870000	0.840000	1.030000	1.790000	1.740000	1.470000	0.989691
3.930000	3.760000	2.000000	1.090000	0.910000	1.810000	0.920000	0.890000	2.020000	1.000000	1.020000	1.860000	0.920000	0.940000	1.890000	1.710000	1.400000	1.045213
3.660000	4.020000	2.080000	0.950000	1.130000	1.770000	0.830000	0.940000	1.880000	0.900000	0.980000	1.950000	0.980000	0.970000	1.810000	1.830000	1.360000	0.910448
3.710000	3.960000	1.860000	0.890000	0.970000	2.010000	1.030000	0.980000	1.910000	0.870000	1.040000	1.890000	0.920000	0.970000	1.950000	1.790000	1.260000	0.936869
3.770000	3.930000	1.860000	0.810000	1.050000	2.010000	0.900000	1.110000	2.190000	1.180000	1.010000	1.640000	0.880000	0.760000	1.910000	1.800000	1.290000	0.959288
3.550000	3.990000	1.860000	0.860000	1.000000	1.830000	0.860000	0.970000	1.840000	0.830000	1.010000	2.010000	1.000000	1.010000	2.020000	1.620000	1.360000	0.889724
4.120000	3.610000	1.840000	1.020000	0.820000	1.920000	1.100000	0.820000	1.870000	1.010000	0.860000	2.100000	0.990000	1.110000	1.900000	1.870000	1.230000	1.141274
3.760000	3.830000	2.030000	1.020000	1.010000	2.120000	1.100000	1.020000	1.820000	0.850000	0.970000	1.620000	0.790000	0.830000	1.990000	1.640000	1.370000	0.981723
3.950000	3.780000	2.070000	1.010000	1.060000	2.050000	0.940000	1.110000	1.820000	0.960000	0.860000	1.790000	1.040000	0.750000	1.960000	1.620000	1.420000	1.044974
3.870000	3.920000	2.150000	0.980000	1.170000	2.030000	1.030000	1.000000	1.780000	0.940000	0.840000	1.830000	0.920000	0.910000	1.720000	1.970000	1.310000	0.987245
3.820000	3.870000	1.940000	0.960000	0.980000	2.080000	0.990000	1.090000	1.780000	0.870000	0.910000	1.890000	1.000000	0.890000	1.870000	1.750000	1.380000	0.987080
3.980000	3.610000	1.870000	1.050000	0.820000	2.000000	1.020000	0.980000	1.900000	0.990000	0.910000	1.820000	0.920000	0.900000	1.920000	1.870000	1.210000	1.102493
4.020000	3.700000	2.090000	1.100000	0.990000	1.930000	1.020000	0.910000	1.610000	0.890000	0.720000	2.090000	1.010000	1.080000	1.690000	2.070000	1.240000	1.086486
3.790000	3.940000	2.090000	0.980000	1.110000	1.900000	1.030000	0.870000	1.800000	0.810000	0.990000	1.940000	0.970000	0.970000	1.680000	1.840000	1.480000	0.961929
3.490000	4.230000	1.990000	0.760000	1.230000	2.070000	1.040000	1.030000	1.780000	0.760000	1.020000	1.880000	0.930000	0.950000	1.880000	1.720000	1.400000	0.825059
3.510000	4.150000	2.020000	0.920000	1.100000	2.010000	0.880000	1.130000	1.530000	0.690000	0.840000	2.100000	1.020000	1.080000	1.970000	1.770000	1.260000	0.845783
3.750000	3.960000	2.230000	1.090000	1.140000	1.890000	0.920000	0.970000	1.830000	0.800000	1.030000	1.760000	0.940000	0.820000	1.790000	1.700000	1.510000	0.946970
3.620000	4.080000	1.910000	0.830000	1.080000	1.900000	0.920000	0.980000	1.710000	0.850000	0.860000	2.180000	1.020000	1.160000	1.730000	1.950000	1.320000	0.887255
3.760000	3.850000	1.830000	0.840000	0.990000	1.930000	1.030000	0.900000	1.770000	0.860000	0.910000	2.080000	1.030000	1.050000	1.850000	1.750000	1.400000	0.976623
4.080000	3.690000	2.070000	1.110000	0.960000	1.900000	0.920000	0.980000	1.770000	1.070000	0.700000	2.030000	0.980000	1.050000	1.790000	1.730000	1.480000	1.105691
3.820000	3.760000	1.770000	0.910000	0.860000	1.870000	0.920000	0.950000	1.870000	0.910000	0.960000	2.070000	1.080000	0.990000	1.860000	1.790000	1.350000	1.015957
4.100000	3.650000	1.760000	0.800000	0.960000	1.980000	1.100000	0.880000	1.970000	1.220000	0.750000	2.040000	0.980000	1.060000	1.890000	1.700000	1.410000	1.123288
3.980000	3.770000	1.920000	0.980000	0.940000	1.900000	1.070000	0.830000	1.920000	0.890000	1.030000	2.010000	1.040000	0.970000	1.820000	1.930000	1.250000	1.055703
3.990000	3.710000	2.070000	0.930000	1.140000	1.740000	0.910000	0.830000	1.820000	0.980000	0.840000	2.070000	1.170000	0.900000	1.870000	1.870000	1.260000	1.075472
3.880000	3.740000	1.930000	0.940000	0.990000	1.730000	0.840000	0.890000	1.930000	0.990000	0.940000	2.030000	1.110000	0.920000	1.920000	1.690000	1.390000	1.037433
4.050000	3.570000	2.090000	1.000000	1.090000	1.940000	1.110000	0.830000	1.680000	0.800000	0.880000	1.910000	1.140000	0.770000	1.980000	1.800000	1.220000	1.134454
3.720000	4.060000	2.140000	1.100000	1.040000	1.780000	0.870000	0.910000	2.130000	0.960000	1.170000	1.730000	0.790000	0.940000	1.900000	1.880000	1.220000	0.916256
3.920000	3.630000	2.060000	1.080000	0.980000	1.800000	0.950000	0.850000	1.790000	0.940000	0.850000	1.900000	0.950000	0.950000	1.920000	1.760000	1.320000	1.079890
3.710000	3.940000	1.980000	0.990000	0.990000	2.060000	1.030000	1.030000	1.850000	0.870000	0.980000	1.760000	0.820000	0.940000	2.020000	1.740000	1.240000	0.941624
3.610000	4.040000	2.000000	0.870000	1.130000	1.770000	0.930000	0.840000	2.170000	1.120000	1.050000	1.710000	0.690000	1.020000	1.980000	1.890000	1.130000	0.893564
3.660000	3.700000	1.980000	0.970000	1.010000	2.000000	1.030000	0.970000	1.610000	0.830000	0.780000	1.770000	0.830000	0.940000	1.910000	1.800000	1.290000	0.989189
3.820000	3.920000	1.840000	0.830000	1.010000	1.870000	0.950000	0.920000	1.990000	1.010000	0.980000	2.040000	1.030000	1.010000	1.790000	1.830000	1.380000	0.974490
